656295182
177308586
70362721
58438047
61330322
277893612
48951747
45529440
102594306
120335487
114266993
92779231
118247201
124415915
113584327
101194528
111556286
94919819
122240139
121862421
107430162
127705569
110708734
118784987
113465815
120672258
93456550
93465649
90544951
92818401
107951083
110913778
114725419
79610017
81329259
83354918
66962796
80866051
64879382
59385311
75686511
88629380
82961009
71713406
73666825
59455825
86756928
78963615
80737790
61308176
63217540
67968743
79399356
74258240
54724726
77680223
58646210
54388251
70159007
81932862
63938597
68069620
83752966
99948901
59245376
64610758
76520718
81873055
68268657
89692433
77287303
59055791
57999943
74903281
82191835
67559709
102082592
176275787
49948395
55429179
120156113
51256591
58716336
65460000
68188369
89691143
76216521
64845905
87555522
70592521
70606067
60680218
158475813
68941367
72470576
62557166
60355382
56895257
58089478
57142101
61224537
67496834
64976940
63076493
62344632
99743474
112676435
53525293
58207702
66214088
59931812
53440482
73742451
55021267
122976261
62171365
51417143
55763181
118442188
99223923
90974910
108966533
96974625
132224271
178706356
98280399
100459232
103740042
108527069
98590283
109417290
160954301
90498922
85219617
99498992
75356697
52626478
88408197
67595361
90770503
145464153
61902867
61898991
92639919
54329277
75528064
59417851
58002273
56121548
56819712
76641929
64135550
59756422
57326418
59358302
67289646
59101866
54508466
50465765
48589608
87231419
74252115
55393926
58803319
86607686
56271012
62999482
58645882
61026305
53629431
63010015
51940453
53894002
63403433
151797331
115029450
100665952
115310048
108569513
110578921
99092004
107247150
81858418
62408038
60821109
50992140
57807225
58998782
62172687
80914328
81958535
79914711
69963846
56705674
64315538
53537608
104472654
56903798
59186409
61150570
54954764
55388135
63894161
57096940
69296690
56866353
64998101
58375722
70083371
54447805
61126988
68375637
61945627
80892123
56516129
64864307
61524729
59577674
49332064
84086884
51440573
49145368
56938364
72368295
58869592
88691236
56614060
62646025
85669077
66337067
60415146
57184105
58470261
63702985
92747510
57836018
82309336
65111252
56879827
105248670
55530451
64489571
55768488
70730300
67319215
63568349
48153085
61036377
48964910
69171595
57636712
64071174
59350929
59015528
254532532
97164480
96046944
57470708
67837366
57544591
60414534
62059029
58373185
55017250
62069983
56809732
52432291
57592954
51336430
58442488
55175751
57927363
58706337
56066570
55090405
92465350
94436163
102425814
109368249
99682612
108467953
108526941
114278702
106576761
63633154
60779632
51456726
57692247
65302907
54853255
66745405
70873908
54978949
59444773
52626182
69560667
64282020
59944320
58510673
59225708
54801274
63164177
64002429
61324092
63687888
62249539
57304762
70083586
47400232
58421576
58530942
60454124
48332293
64357938
49981999
64884370
50480063
61699453
59232701
66936406
54805172
57583863
94354961
54316394
62723760
60134380
59002201
58051375
57710757
58332371
56633274
52461522
56370043
63740614
56358721
73336647
58648474
53155392
56678839
55746189
53149143
59938867
54276781
56851487
54375605
62422769
105313013
56551461
66516370
55871361
63127676
55777467
58534632
54872593
59556255
54367353
85679636
54369801
62045175
54697217
63556786
167280546
67548408
58001557
48297248
58639056
47179385
53569139
52811200
55188816
55809667
47514981
52526191
60074441
56101351
49571181
51336800
64187377
81366603
63985420
56707075
56961834
49535520
61165192
63370996
62213656
65368963
61133812
48770823
56787236
92022452
67323364
64845150
70602854
56252560
64700433
82615338
57508232
77853530
55779946
56825572
49538315
53793225
78097362
68883224
63060124
65870354
61095333
87471483
54501141
89825683
75629464
66869358
84865133
48965200
58946662
59297949
56603892
63566478
64685937
70549122
54677761
49394872
101205191
103540827
64542347
61410119
61026900
86778113
50303261
69908760
99658127
57502993
62168317
58891393
84843762
64235987
56485537
68403644
57558943
64498445
64162680
82285944
58793979
70245762
59929664
180228049
99613464
61100315
54438447
51193021
56327120
66021279
57705275
68890982
55290932
47286417
91968899
71149236
82478385
105015718
71071141
56466830
57808569
57744431
119046932
54572769
55296587
52494078
55282796
54445429
72936120
64095993
48236205
50499333
72053635
63542972
59264986
62960734
54905172
72777858
64015158
49150878
84242757
52789707
63578142
72400803
56528934
61651376
75353186
55879733
58732451
56603975
56152302
48752642
61407317
51907937
57646399
53025771
56334405
62163375
54416338
55610168
64574568
58913285
63397837
56624936
54029038
49374520
62093528
60420081
81887780
67164641
63671601
54284369
53239936
58770550
64696576
66071289
69110641
59666427
101642865
80192407
50210400
71050399
59630417
54692759
50228954
52410015
47619200
57366106
83107654
48969944
54605631
55200296
56860736
53274569
114298935
56078969
58273358
48917200
63028319
64347545
49367760
57821977
60086198
65846297
62666203
52054618
74801556
55045307
67401009
48333826
86618669
63873283
67063641
72795725
50676107
54811665
76208984
53662607
56173324
59495263
55545772
55208277
62251408
60705414
62183461
48682682
54346797
56333324
50422326
58563532
55297459
61375205
48580822
57269926
56806325
64186741
66098668
65255443
56396518
62244223
49813538
47660137
52394132
47534282
54170653
56426682
58361259
58182589
48086442
79962211
51276837
54087153
54715889
53408159
55395089
56008663
50605123
59234467
55216703
48331287
63929994
47348427
55271580
59007978
56001332
57498296
52299003
58841005
51718804
52268162
66546443
54978318
61800569
54403726
48866794
58126888
61511527
59494955
58871680
49054988
55652353
59596701
49071379
63880937
59500509
55105930
54818561
176081947
64059608
59877178
57755479
60008215
93546956
58320602
55637846
115180174
70246361
60764051
47600421
59263814
68872535
46871245
58222371
49988355
55087253
57629027
64022673
58453599
53261931
49064001
58402726
51118843
64774092
48610665
54595784
66103723
62388677
53328750
60913268
66715853
67673416
58921512
59460993
61703614
66121425
65822505
56862968
64050538
59461850
56127315
51512463
54466671
68019515
57875292
56485776
55783247
56432385
60382738
56237072
59721355
58579383
73012061
47176681
47226969
47336039
58426030
58675696
56681188
64316317
61567443
53087370
66978957
66184963
60877925
54475173
54204193
55766962
59738730
65884966
47428538
56910026
88192789
64004769
51965899
49630719
50638071
67530201
54504063
49109049
60323842
54393252
160594429
54483471
61169824
49900883
49278026
66129382
63050736
67085322
65229414
56201590
49381535
58110430
74709393
59656889
51535367
53407402
54933810
57209707
56136820
62855198
63842859
58699986
58509636
51281524
55006147
57349432
58717056
50363858
100419825
101442298
65540235
63644913
57833447
59182322
49688946
58802302
65172418
55173149
49334603
61699914
65803631
60066934
59031597
60005347
59312220
49203835
99736166
56886122
63271777
52929365
47142693
54545797
75096405
75750594
57842676
48527665
118750910
57607711
48894374
58501330
63176937
57022710
58091054
58161459
62525454
49010675
47422363
63394062
69226652
54451278
54298003
64178533
54057713
56139459
48926875
54490095
56256928
58052191
60517896
47520753
66759449
60149523
47232995
51981598
50191117
55896401
58018167
56904258
49670001
51810377
51275733
63904112
84432793
55525353
57002841
53463475
48108761
55833289
59231630
53891224
55187301
62677851
55276134
54410401
65320313
70967112
65841091
71602837
49999387
73039271
63922431
55696160
50982395
77265005
56085136
49567100
58441460
47819188
48666162
54126775
54773515
66332145
57501568
63134754
57890670
46609313
56510080
46796029
47286822
58848904
48385182
59068338
59384595
59867830
63261001
52764721
56677983
54043609
49287650
54438896
48365105
62080229
62801557
103479167
107225927
97062478
88297148
115171482
112384755
93694809
101092771
98966301
104940586
95930833
111726330
109351967
95185489
99636269
109221989
98785072
110076480
65083027
65981616
48849584
56941854
56970612
67856897
54873201
63885088
65523719
49037434
48878836
68040916
56036173
52133058
59263799
67661204
56438429
53430489
58924926
58918645
100826336
55755938
67401948
64522376
56367325
66449844
55758909
60117098
69577684
70378494
53516222
55629455
50443640
64028162
69814471
52914252
66828423
64124810
57907254
47962317
47486312
62027241
58233174
52219183
65244627
123577599
68600833
57294295
127445967
57831822
55479487
63177110
61622049
67518512
46805242
57456458
55057822
58089816
55924527
55991450
61151454
49801474
59083310
47081909
60058511
70784562
51472393
49097806
47957892
77624538
58357008
52537207
58270981
63469737
47853202
52419458
56549851
66107440
59446688
59599086
53751926
64808196
52895957
55599157
50391110
66329496
51820268
55447664
57225179
55172333
58204266
69634277
68885046
65513587
51702594
53854428
49691641
58982580
57384739
51669740
62998436
57402688
48780594
61940045
46258424
48036217
54881735
51239688
47438014
57218029
60900778
55972702
64147604
54277153
63038958
48642093
66653537
80081022
59085730
49695011
55307009
57000177
62890641
54277754
64724724
50614452
69958842
62741546
71264358
60008717
76525681
64778809
64757684
65635423
64443092
54861254
53258941
55667265
68582444
64754377
62051516
56945162
47465159
50603299
54379090
58689354
47534228
55294508
56506182
54524354
47841261
54526986
77241001
48907519
55037012
55033379
53242285
59253413
57127513
57149955
54193925
47105979
54346255
57397510
57468347
48250785
66101152
57846308
55547665
55829451
59582508
61731777
57888966
54871751
47736149
57100340
45755250
58649010
62944268
55489381
54167928
58841398
74982665
45959670
57130368
61941443
53998934
54142035
54585115
50993943
49088843
57288667
47483237
64645073
76893517
52890287
101837862
106850976
105964697
118050469
93302978
103987471
102685538
110849427
59985231
55282168
62374818
59778892
49323445
60612219
62924808
64431891
47150735
59459336
61757443
54087717
67501758
66443389
57244670
64002718
55396875
69036327
54356350
59272105
48663172
57665315
47137628
82956299
104229211
64680245
58241872
56456018
65164693
59480132
54540971
47737838
47523919
47491986
57995723
47673291
55006135
50444462
46876813
55419672
78736738
63458914
54047063
54564492
46669008
63080105
50044363
48784874
48283046
57978361
59156533
57109026
51854632
58333850
60733934
54990385
61480436
47966808
63649559
62282842
88173289
100525165
95715378
92659067
135599340
58536764
57363671
48419264
72882065
51111198
48461413
48219010
89506009
51712039
64643976
62319254
60857198
59266506
93890022
55224109
49431475
72679503
55155732
47894957
62423156
64209416
56618637
61834669
64128208
55160275
54273802
56841497
60139632
55269440
64269898
60152176
60626913
51473613
49517493
57126943
57933276
52791538
51307096
61571374
64618118
55055587
49432646
66072763
54799661
77603800
55351604
49975382
57729087
47985507
48519108
58364400
58239057
66887039
56559636
66735748
46906076
45722165
61735853
71657050
48325222
55765564
50281700
80860451
53865537
47413473
89438994
57541520
53326134
54989256
51484080
45962071
54814347
58301145
62808203
50297035
48156728
53011274
56370473
55889822
49943154
57562831
67622570
74389746
53725629
71280040
59949529
54965834
54267925
47253531
51033275
50328052
76753532
58346804
68899800
47266614
61318479
54748330
57852619
65920015
56392658
48278877
47996427
54989672
61894054
51340262
49493422
57545951
63417783
58531627
58109922
57008513
54483122
196323444
49848703
49113122
66883962
57323163
51660751
57694421
60129002
54389910
57991060
47536501
67129648
55920728
57746349
54744485
62706018
71807580
49879014
61429160
49575053
63168836
55935682
85540613
95057487
55517679
61205814
54207315
65963979
65329106
66132477
56154601
58795323
58639170
56542394
56184573
50569471
49980291
81356523
67353658
63265557
56990791
67213921
55535771
50109356
65527623
61785980
51264691
48865574
49765300
49929436
69042412
56360395
53059426
51494857
59838661
57622187
68202526
56515012
60246824
60676795
60365686
64212958
55562803
68394107
54327438
53316975
63345523
55372993
58897505
72979205
54617521
53258985
49589122
58843940
49454067
61021789
57982331
67878308
54492992
55780780
61754450
50735103
59070147
54604695
54914605
85541719
49286396
109932449
110726626
102460433
245567579
76365169
55087829
53622349
58820233
56990438
50652556
51429130
64134852
49425615
58765343
54019788
50484870
71884850
60350928
66842662
48771129
52857433
58680428
59360075
64285130
101771328
122233387
57621920
56790512
49176472
62893497
49876613
56814575
68068479
53696430
56684655
47825050
57258302
50175041
56944101
50367701
53457039
53653582
46963569
69239028
49693545
60117818
54965939
61806332
50615461
57529825
46042819
53221988
52501980
55548473
59947267
52573495
57672832
55575647
78793324
63254237
97710086
56132813
50948694
54608711
50341421
52997847
51670453
58388104
50498032
54394482
58732034
48816874
56979334
54082941
53573853
54978798
65378270
49799919
58163981
53351904
47994803
60008104
48962603
61763124
45976387
49775264
49483385
57084333
70209050
46928284
53008706
57707272
56603829
63856088
48760274
56200040
46655449
56714967
58490089
55106067
51823778
64022545
58402509
54758967
56859304
51429697
47876554
57849397
56194757
59907467
66003245
55869681
59102264
64314462
55315798
60597849
48043527
57993020
52012798
76920847
50174229
56310767
55523704
68595600
57892572
63912040
52827509
72936439
64118396
47240262
55726092
63677474
54946772
47495651
53432849
61833271
70382406
58866771
45505107
62315500
49843325
64866948
49330696
48128120
65072050
48929225
48374896
58193548
55660628
56721087
62706979
57807502
55357566
48637796
75014033
46068701
54268522
75729215
55828284
46031028
65929806
49052929
59530894
64435788
62545962
46686887
56466012
63285776
47641671
55630799
70116796
47486959
63595266
46698274
60397516
48576712
85127741
51243202
58578664
53339604
47472217
57904721
54449511
47512080
57002018
49657653
46265186
58668765
54987242
104495370
58093557
53760054
61380918
56786007
46090949
57139911
50757310
57496024
53428055
54290174
57820740
60522526
53693380
47606323
61997679
51304104
59186476
48499481
48136156
50609597
58391191
56489825
48078848
55424508
47765602
46296479
46734799
53451205
61225106
58390652
56020279
60507245
65450148
56346189
65427846
56422036
51927550
64764742
131885742
51772723
61865080
50911614
55925738
58369907
61659081
49673868
69245833
51243104
61944859
46980578
53419971
59165481
48197403
51118470
55504344
53228069
70229038
61182665
56458888
64016881
49086031
49126564
57336613
70252260
53480582
55950695
58060616
48025150
58145613
57280660
64306362
60418164
46301719
63027073
48175593
56803842
56118860
62112774
56481905
56757511
56983197
49099420
61426727
58072965
59463163
65036821
59995929
56270761
49078528
61283248
48011845
48000414
60068394
50306749
46486760
56456681
56562591
59808294
52542877
57330133
59183455
50723052
56745106
63143591
56931343
50801234
59218437
49361014
71116762
52381103
66159679
53823389
48291619
74595858
58763559
56766517
56905271
57751372
54712011
58010926
60113896
59420699
50927121
75264421
48145317
60181745
50181778
109892968
58981971
53343493
58267985
48335319
56823431
50444767
76607537
97819031
54898397
63453495
57829087
78332078
63706165
61285263
50344980
55712537
64795080
50679075
50458787
57983621
50299248
55262635
57558352
59031599
48044091
64009010
60863884
56778893
56853058
53327633
59335254
59428995
74857472
48717968
48966353
59848900
64864796
58832798
54837815
49819073
56334687
59550630
55581728
60928628
56905657
57419793
58868263
55501623
50060984
64681891
66419193
83371251
54047096
57274806
48372992
55184233
58977803
67024773
56765951
59183991
57011761
49613859
58335270
49020609
62006749
51240630
59871713
56202630
49374863
56878164
65828333
47090423
49761464
49437920
59274197
46975589
57341598
48409706
62770243
46706880
58230630
59241192
63970148
57031796
52100274
65505318
48509801
45492124
57384551
56013145
62512174
57729951
53043738
61637769
60340146
55401720
62411472
57629276
56296321
58241854
50575312
53915165
53998228
67347941
53111462
57229314
55529016
56420416
55519358
57901589
47104724
55705924
62349476
47503666
57565800
55175449
66353347
58517258
57331062
49495743
54451279
48654006
65127321
49174705
50988497
52358227
56259741
53474219
51224997
57829049
49755863
62085536
48489961
54497489
47869249
47713140
57588558
47522179
57630181
55066708
58101114
46762850
46962154
55161312
62408922
51109721
55854151
59313907
82667693
57273993
65368533
49854645
62106386
47944816
61331728
54985767
47385569
56195386
60111843
48134144
49690739
55383071
49768398
63410574
60048579
64038546
58599382
48837738
56256062
53231195
48294299
48484837
64485519
60827326
53456562
54786934
57710636
53958212
63385908
48219837
61452407
66850031
47835697
54725150
48985743
58003052
48997423
57013914
62437000
50025598
61144365
54247521
59318893
50083036
48526473
138828400
51552330
53840116
58373050
54401924
49718441
59783363
55106875
53170350
60205588
51720022
57791969
70191223
60328272
49023834
64284072
48658263
48398437
58040566
50356798
50686474
60989569
59996930
51577756
51832141
57859808
57206147
58281941
57553082
50316679
56025118
47769003
58451070
72095194
56534630
54052800
49847833
45908869
57439353
49986206
58065467
54885815
63422950
48225424
57386667
48631087
57720375
57848190
47841741
47652349
65206375
59836833
58435561
48358617
65725915
62912468
59788274
57421735
58188110
52413371
49390624
135105890
53638689
47148684
53684232
55520841
51076981
49715378
72885521
47997297
57716630
82689889
46521159
45894073
53092901
56847008
53992670
56489843
56290400
109663950
54187668
57489365
52605292
61575696
134115946
51009773
50153307
47528230
61548943
47420258
64401310
60943101
48012730
60682951
49342141
58489286
58198249
52374759
46660613
57623237
56809477
48416369
61912797
65267913
54554783
53759150
55954680
57189414
55415909
65793647
48644099
57546955
50132797
96331424
57282426
58954048
56504567
60056273
52930311
58308493
68334737
53865034
57579235
55360293
48058380
54995505
52607901
47324866
49367021
50526355
59812933
64710527
51689570
62643155
62941183
49303959
50636833
60223050
66471134
96907868
64984998
60264568
49699597
54407649
52450344
55394005
48762645
56155885
46495526
51888031
54158928
56034092
48652051
51728401
47302631
71419859
59049422
47940852
48792405
54650252
56442113
65006637
51794206
59205050
54896120
66121594
56399375
53773042
57745893
50737346
50030502
56391840
51156129
49829596
58769113
50781841
65789733
57439991
47255017
48412442
54760428
49513859
54266484
49820531
58715011
59099393
62407553
51622680
61092270
52060331
58175453
60010736
60179793
58755372
48966388
50789836
67448380
50322019
61796885
55942108
58461268
53804811
74942209
52355935
56582787
55811475
74966980
52398381
64928922
58459037
58950773
60742334
51297453
53384694
50588339
55826360
48831444
50772550
69442343
60511060
55000329
55022361
49660671
55197000
59930312
49364446
74791363
60294745
58757357
59262728
55541874
51547279
61047804
60154334
57301312
55120653
51584220
57618761
72018193
74825272
56963268
70686372
68399396
55176879
61264580
54986113
60557641
52519636
59997494
53022838
58114665
127865969
48328301
57646034
57624965
48311382
54305928
70521076
50378800
64723415
49359919
54465351
51240725
48604721
55757333
48588234
49350283
52890956
49008694
49400679
58901608
51162018
56227302
53776347
62914568
55758926
57311956
58364258
68060270
54947065
52660564
54548051
54354683
57834954
61854565
57145735
59542082
67487902
72621300
58258359
63569202
54294867
64040998
51598821
47755112
48505987
64996550
61662824
68802012
59216489
49708076
57416488
69570836
50311830
58743882
59787666
47885521
69957409
51513525
56607063
63656607
52981742
60024376
68642532
60078514
61193803
49651943
59975547
61843207
55284190
57922408
50737526
70698321
57695472
61811024
71102802
49917660
50927634
57695331
57702203
66933725
58397733
67832988
61756456
60721284
63325895
54471453
60422708
52123824
49591247
67471075
50372958
55593612
48987387
57948214
70529675
49408899
50119605
58830440
58630406
59988722
47798400
57398346
48571957
46470874
61608595
55608856
49458459
64173300
60485068
50201713
55055117
48986851
104392885
97595697
98923622
110390873
97190384
123154474
119459975
94162793
109426810
115087306
114821722
91204512
57894990
58285172
50292020
64832055
53868371
73245101
58467526
58967941
61132532
49817526
63187259
61193421
57407454
63383856
49044872
65904397
63151088
48087596
52726530
57773048
59880324
60346841
61570105
62358454
61080400
66397656
49889364
69080536
55613047
56008234
47990432
90186458
90147661
108543435
94160615
101390256
101396906
118788689
108863520
105446866
92682279
102493722
62993288
51796122
59282212
58506231
59502088
48896447
49105684
46395584
48480592
57096511
56054609
173247364
60214362
48808197
54542556
48465266
47645849
53553353
54835690
61131630
56082745
57478375
46549087
65320479
56928162
47570659
48094721
54489082
50011913
47134068
59793946
58545624
48587378
57030274
51152219
48576757
49428001
48002889
63681799
59199275
49753401
56840494
54408644
65987832
58010285
49198846
49030181
52694779
51693127
60193027
54950415
57636527
65514669
57251256
49792307
59777042
56773593
59849333
56680938
63894647
55528371
57279801
59227226
58207865
73142498
57393301
48052391
56013300
56125007
64500271
65407526
58855835
56118548
57460200
53811552
57129327
55612894
78114904
54112802
47134097
65724554
55350557
50439920
50430446
48625933
61785743
50430413
47340029
51329321
61024231
57581120
48266368
54403369
60196063
47601009
52716632
58642205
57608923
47631732
50144423
57512346
48823228
66228630
52607610
64791056
89985222
48632350
48541936
46352973
60244291
48863823
49780545
54595905
58362874
53591717
48147409
57092317
49377450
51175909
50003890
59408140
48070184
72831876
66837764
50240999
55386571
56217947
48377602
58037523
48718643
49613968
53050875
50826236
55341831
59340060
60158841
56580729
61249903
63725124
55155634
67518305
50733960
61549322
56872448
55367552
61460954
57057085
59129600
53601925
48165556
50278760
59615488
48076000
55477156
56328132
63430210
68921577
57259549
55356876
60645801
53174144
55102473
47567861
49810181
55394018
48142434
53535141
64284799
48260772
64184333
58060360
57855126
55129140
48986919
57166703
55676887
47393254
51618525
55896593
56015842
47723059
66843798
48863752
60052107
48393001
59266090
58859905
60793172
54114791
57501610
48662448
54507204
61455726
58404060
47273256
48068266
47963900
53897452
57026489
50593412
46179419
54484325
64732828
46361795
47892028
54887097
48116413
48108417
47911980
58407271
58659532
57690908
75608166
48574338
59084541
56736451
53188001
48746552
58360942
48681174
53552234
49770939
48744949
56387932
54292480
55545231
54595857
57227907
65848928
66828878
48734195
67605063
50142081
64419286
48933326
63668906
49741090
53499222
56003523
48082148
65162968
80762531
55866973
57524324
59034429
67304008
57629437
49172809
60105884
50562257
62303048
59943340
57764374
55443581
57674852
50264837
55074610
47255311
52749511
56238387
60477010
56402743
76472164
55253174
58863296
49380903
60208347
59926029
84099711
48701666
51109639
62657821
58351770
49435306
58821807
98638024
54924110
66470426
59280674
60714486
63736487
49525075
55738687
50286159
51526479
50596085
48556082
51440341
50286276
57630670
70467220
56620126
53067546
49885281
59703406
54187873
55713524
49018060
55916465
65910645
64988925
48558135
54587893
56907189
59923794
63223768
67980034
48871531
53687696
63164269
58946850
66134525
56164740
56856793
59197075
64392432
66137427
52358073
56793301
66405319
57822928
67178852
50039820
54117239
49835825
50920056
57692121
49628178
55338515
65015329
54470873
50455885
50543196
56775426
48345300
48080417
54438496
48902163
64915363
56113409
61927877
60921093
69963521
48634635
51282774
60747287
59514135
55932535
59841629
62522773
59091464
49785494
52393463
59025997
49198387
60234625
50373489
65083507
55264299
67758996
70205117
56235726
60962752
54277607
54869974
59018915
47187593
48447855
51238789
