597592214
148874707
106859795
131692183
131242177
121268300
112330855
115307459
119792280
132475312
95400819
116135478
106769591
93173554
113041247
141900646
118534340
111293903
135755279
125539592
125890987
128303151
124248246
121527252
116303071
138280044
138812440
119460550
118477190
128587129
135279159
161521210
118733352
125593306
99175932
84370079
123120559
154021894
118086806
78705898
244877136
95133955
94632291
123325926
82950687
90624381
237637123
92576864
121358595
61202151
95399833
101494884
75088887
102848126
75597052
77732227
95162920
179499233
74740239
120164900
92824836
65229415
224654383
73131748
71658485
78982386
75692645
93675770
70399643
86407987
316811151
120643395
118090600
66550376
77905916
62512208
91819928
76958527
67657490
77179301
119656284
117732066
80213249
94275575
77291552
82356050
71284744
250676826
65940212
79121367
101292548
79985753
77966081
78712314
93193636
98903493
111125203
84357244
156452233
76788980
73624029
86901324
74911298
72781362
110197356
80196444
83060035
76024924
79696090
61275632
79316468
78095089
73620449
84337886
76644841
79069576
87045226
171725054
140440871
73599773
79204926
67779357
113504828
60232689
73534579
73020965
93065493
402941648
82311232
92255545
81956457
81503518
78477198
75197889
63999141
77425043
75603288
62119507
98894416
87240471
67034912
90874056
80053512
79501183
86934281
91407530
64972432
81260609
92598613
69831043
83760686
81321373
69595483
82123149
71242129
88332856
59362671
72712062
66034757
80323970
66829870
214272090
91740486
131835753
80210729
75293490
86005685
76268885
64451294
97624041
59319625
79367642
65599968
132500630
89030837
89156395
73492634
80850277
135939356
87178134
74978683
108114527
80101053
99860111
74383962
94194537
92325491
78201379
60009854
180997869
68998778
71542433
85026230
93728011
61069131
186482076
113121950
68675834
145251749
115738097
84366476
62825215
75501321
74985289
95278897
93083259
96148567
76978677
68720168
86965621
99083778
62189667
78583646
112166888
71150467
92431868
91822269
81584415
78089253
105413977
80641197
134173888
85013750
425872025
73110293
71169583
100236129
98494282
64126416
105430104
65405346
95057007
106934760
78308340
60564459
79187112
91603433
63879841
96205141
80901864
105983993
62485539
72507518
108982243
104977517
68254127
77478750
69288044
66276856
77263377
86921998
73968055
73553015
77484651
65270421
104704438
87042841
82803194
66846842
100340589
80630962
140472167
87155596
67316560
71840271
68830451
72579352
64440417
78024767
73946024
72569705
81113005
82997645
86656235
69218390
109515984
101543314
150547946
173017045
95729697
59351060
138609405
74062283
112605204
72886359
68273790
84645118
83390988
70886046
92359977
91304244
75037004
66559487
56850404
79027359
70294918
120972246
95222851
65992210
82314876
72606098
72708152
67012748
82369897
69609325
73881891
61189373
81263275
78221066
75587461
86077596
69428435
68713252
85560754
68562849
348194189
68753284
79623002
71579677
229185258
89048009
77080077
56510643
74828680
97842684
69255846
68162517
78635026
70196291
111318128
62285282
90195359
82986855
92966324
92559402
91432975
65634532
86767693
78020976
71917736
79824850
79956919
106605772
68910114
68404646
78275718
74859833
82759668
81521537
84568186
79111443
61813594
157471386
76605881
60310427
71432414
76777709
397677995
81434839
66639700
75090841
109245405
67505794
116894779
57783408
81931905
66619988
87979784
75534213
66818444
77459116
59820937
83954794
75966426
63003248
84375680
68485138
87825624
69804486
79959041
198967192
88172051
58723695
85708718
71929501
236472552
65403363
85595002
66406922
82606747
57144592
96093200
88069545
70210793
70685557
68105574
87658190
88252372
66865695
69557899
77392244
64059488
68321661
143959083
88721908
71049060
72526065
76575295
72161921
84520391
87342325
64178343
84237019
63667120
74122388
66879369
65785344
69342207
74013386
70495525
77740262
59592855
68752236
81628675
76821944
100623556
60414363
66481867
80991854
75570975
59241686
79260806
65534635
92492319
74194843
71476186
75058371
74222427
74175466
78242104
80528246
92524565
57701331
95265622
70464497
77729953
74352748
84999976
76965312
89479158
96655713
66602599
93967872
66253882
86193677
75378912
73587195
90006097
86493939
80195472
288355651
70686514
75535346
76510492
85704496
82269610
79212481
78396855
62671948
63733835
112077395
57912166
111398795
62999372
96697293
59883306
85237738
68542218
66231083
63842051
87511913
67188682
76386140
91773601
87247996
75146903
87596178
72694798
66715603
83062370
57148658
65039263
68976958
82544146
64281329
67201404
88936203
58993073
74171048
66577448
76327260
77503220
115002005
76071422
94680457
74553356
80668168
83630049
67500446
65923654
70451490
75437629
64552192
82459252
72890383
67089203
82092686
65179502
69245118
66988096
74177542
71081153
77293342
89269973
64654934
73036020
68746092
81404881
80949142
58100158
81888270
63341423
70564001
65961963
81490672
62902126
81686984
111849097
69619927
77307336
73670948
70366828
76819418
85462640
70448796
72201069
100488693
84643231
91617654
65771822
81641288
120440742
80441652
65733933
72166048
58044766
68339686
59032980
71680144
63925228
87824111
66890258
72898012
64719904
66993088
77660575
65798345
72489273
64738434
80320819
77687085
62836404
66086746
74706888
64578532
88241592
77486274
93241979
79971859
65624805
90024291
68963802
74854004
85845864
64397686
73341275
65402756
82705744
70104708
65763116
75586703
78665093
73656739
71483294
117756179
72266618
68267363
76680154
78460137
88650544
56250255
113546527
71834639
88362932
61717654
69684939
72997355
60656455
65617565
66988013
74762987
78058882
69615250
104440201
103783696
77691539
57789432
73417921
64635492
63272992
72551911
99074222
62105641
74181257
66006440
69016663
80903593
83766076
436913190
58412341
70740136
78275779
66743791
65100872
73922553
79555057
111894930
85743324
87170067
76191180
75003735
62226303
84012724
80302305
73575750
63647105
71533368
77464394
76927800
68334041
73566419
73567260
60716435
88501809
63464475
75807456
97798380
81382465
80700084
65745575
75014715
80124338
74464768
71925790
58035387
71137870
66559852
72494148
79925069
84015702
66091359
72410328
74901954
340511200
73641381
75580784
76965411
94598915
77321682
57982515
81663790
67001701
70975222
85686828
124043357
72790974
75677375
77699728
77248299
56738722
64355218
63863152
71333396
112704790
66279242
84088158
65993399
75356712
69101428
63598144
68225046
93838429
68261838
74476558
58317855
77824610
71400525
64382327
75907628
66436363
70955505
62680520
85060498
81249365
64465311
80214266
56936532
80204932
81360680
72046862
66843706
76168138
74237263
74510092
73709943
67160350
85993243
76408900
81090901
75651234
64825538
113261683
122762389
99447022
84685787
102521628
65978370
74829315
63971491
78244980
83154329
76994514
92911954
60547855
76016047
86271313
70538210
79573422
61505531
68099696
109056084
73234329
64389582
86560855
62994828
82856888
78895686
57381057
69730042
67400165
63212493
116641845
71836311
68952519
61035358
84933739
165995720
91915086
78730318
76766321
71660919
81168173
80028454
69490341
64911977
72861148
72374941
82945115
76125916
58269435
74151990
71674972
77655978
85326371
70931863
89279490
74383787
76703611
78623532
60877171
67935575
60949411
74050990
64775846
64851331
83976815
87448639
61271535
98116437
78566162
57456340
78914765
72344802
85516402
71729342
77455742
71425177
61140374
80175442
77054697
73875884
73891460
59677095
71533919
68665496
80595686
78856253
62478494
94989586
67922579
64533942
68570211
72678422
78873505
68994358
80216250
78661083
79832287
96557066
70691580
130182213
64639097
65242938
59209126
163513101
72430912
135772543
70339442
74243814
59679324
72710453
69354550
84088959
82148743
66766146
80627398
68131105
72484446
68481143
78434995
60830132
87507947
77764311
77130496
66800033
89744334
105849241
77247943
70992218
74606727
75974751
62945058
61933069
67048881
78047978
69983197
62537971
65205599
57377620
72674669
57770998
75171704
105525136
95930509
98191280
76387502
72201525
85068890
67490002
75401586
70160989
75928912
76882615
78076700
63749381
76037347
61623424
69349566
78086771
69414788
64384691
61867748
65968764
63320035
80419441
78455893
73005994
75482804
64597144
64562085
64468141
67797042
75536311
64928352
83033505
66369893
70003649
65570436
77245871
69937711
64443668
72798215
83438806
75454123
69876041
62999536
68466739
85364394
71015130
67979312
67738765
96956782
75315793
78957667
85340532
63710070
79362193
80318164
340042731
82224314
72876283
74233194
68857644
73365777
109845906
71442948
62477508
78101241
74308919
89880145
58623361
85621650
81971170
80747373
71163501
78631519
66990429
69007655
83651184
79094357
81129128
72821167
56987255
99537077
70169809
84743469
67207625
81950961
62542365
73371418
62127633
73596610
113281580
69931774
72535730
65721592
76694275
74544142
64040078
75168962
253302823
78054905
80616163
92564826
66707348
67850606
78471384
68569783
80860015
84366393
66170467
76104003
71789274
68495305
57581899
79960678
64237514
71814093
91470723
68011862
85509582
66945112
79919720
69724259
67646896
75570655
65351377
76969812
91999908
70462165
57054778
67244932
57214613
83041920
60145520
68559263
81865712
60459236
90548966
66303684
79282571
71989666
80767490
61960333
79354641
74112609
95105280
59147139
80229455
70846856
81405738
81903293
84137519
82882369
70235408
73728928
75457014
82815307
75799636
110513644
74136346
104146422
77446695
79542055
63315620
71381492
72364136
86212879
64665189
68853251
77074826
89143701
86096690
67961509
78349500
69671453
77202665
110382748
65697012
88627396
79152705
68027735
73874552
68980682
70633334
67883134
72729142
75239883
58113838
76564580
66138366
70431369
59307944
88191663
66333867
80605664
72088445
91710096
64753202
64115303
95618850
68412263
88284608
87288224
74671488
70838596
74916612
92205848
57502961
89461710
68572151
65832045
64980649
80127725
66726359
95520263
57726971
80325623
65981740
105925057
76987854
77685781
66622927
93790989
80921161
90130210
67070995
77002194
75754063
81206171
66622468
75188904
85314056
70524996
76209085
59327251
82001009
80773417
59403160
74921420
60431601
82458911
92144192
61182042
91044695
59169053
88034611
104149611
105485634
83842840
62164366
85624495
93016164
92993905
100822883
91248856
68534961
99345292
79554782
104410211
79236050
69813169
69310232
80056782
86814113
75697164
65790460
69970303
66659613
71328060
55936576
74883665
360074387
56671201
69167171
61357479
87213435
80590476
76644812
68035240
68448216
57665569
89227126
73184620
62307327
70019928
68905625
82596967
84396605
75726709
59554103
79871224
75473480
69076477
77351048
87349983
91508418
80111865
69433559
77362247
65362103
87873944
68205317
80467471
74207355
104161565
63182146
65188643
77683406
75248248
65765997
79745946
73040203
79101736
74314728
79027701
74996358
70535424
83050401
183403828
65161766
68905448
73620870
70085237
65246339
59930096
70175912
69449185
87842226
83082524
62333832
65350943
66581175
70261404
82544516
67516114
77651252
57637250
84179392
74989783
83441873
57632221
83905714
68520459
88007101
67544450
79899851
66289071
72214216
70287308
78979743
111405889
89957547
66329184
80084037
74788252
70866019
92501837
99658833
81102177
84671501
79448884
69482724
79353511
59949315
79265661
77388985
68564228
66324367
69443033
62684377
84236295
65606915
72877698
70633119
69077294
70230036
58684354
80196360
78122890
70419164
87281398
97599584
90855141
80913036
58701218
67711246
118884981
84484765
97440301
67154903
58982827
85184499
75664149
57969329
68546623
67868653
81228209
80783194
67225912
91113397
75987019
75887925
70877281
155817315
93498244
87879567
73497050
68907109
73119585
61465012
82901997
69037989
77482282
68387970
84314298
103610839
78259832
64582204
90597962
72939853
79629242
88529628
71970884
93649775
59362775
90844977
95062454
77743671
59118690
68661829
81070791
72485165
69091651
70331234
58953451
79045136
79145207
62021281
81652813
68890373
76497354
61628369
78488961
68013929
92678917
79264571
78831298
67127549
84912127
63809935
669547158
116726727
436460550
94706527
125472258
97796079
101144878
76648918
116430626
91729657
121299625
90553528
95143408
112013887
82243121
122912117
87209694
107698433
127240972
122380393
128382499
115671800
118799966
189022737
133314990
129821513
133176606
126885280
114725429
178029153
135888584
144946836
119449863
108480155
121150589
78740923
137093853
106677689
251974270
76230372
72132951
135093739
100165669
115472905
103288810
82900528
136228227
133373138
91056857
75545549
127221904
93567690
107365293
68192316
92635292
73234368
94503498
81514632
68111623
87247691
83002405
110042452
111498087
89856455
84071943
181948727
93623979
75590228
92328663
106837242
112547164
195910235
92968272
81256043
75435687
72715294
73720310
102964971
68119717
66960601
122553252
76610296
74503923
86755049
100032351
84774395
85715672
105001660
100207509
83364856
121867769
80342764
74139971
71892813
89078334
69041693
75071071
63094431
93424716
83064641
77135105
84187283
75762651
73045482
71168286
80757651
92078339
88131757
87990991
89141527
72287861
71190992
170363885
86480023
89416110
78279787
102690901
81347954
81752812
90680258
82955703
100242965
73498413
77439465
93463556
84270662
79914813
71912311
82823317
81122202
86926223
70833122
79466983
69323082
81091999
73082559
75868347
71874371
76337132
78968882
79963316
81612575
77915348
82529312
74403350
110920240
89503594
100166834
82535072
75660084
87053615
92666623
96188719
96222123
83042546
83160945
79284132
79824160
70902199
87997482
81748015
118495862
103087159
83024011
74130215
70527889
96696007
86081935
65589812
76852010
77434544
66596487
91760375
67236579
79193325
73755698
78285611
75641469
73905516
67809318
467313676
109773397
79142314
118234788
75423730
107001913
107126848
66009089
88791865
82595652
75626278
106323220
91355372
78307039
72735397
78362857
115183013
84922008
72832848
77788015
63839148
72114627
88999745
78341997
69631849
108315039
72447806
70635048
70637325
65750333
74446288
83743159
74237805
73657157
86729955
82566458
90468084
147813947
67577865
102627903
77470962
75094944
88356293
119260910
79327578
74072735
69010329
75249710
65727465
72495423
78276146
105026349
353785370
78429826
78720320
120515107
61998597
141468783
89465297
71630573
86782954
90243064
77292803
84159919
91759256
81336558
76700784
79957596
76277367
75180475
76069420
87522008
81028139
70229200
69876804
104606832
81640878
84199932
98924938
106297820
196107900
63021914
77598175
67829444
64610646
120689663
72981397
77075217
162313497
84551691
89111289
66263890
96349749
81071019
104126352
139371169
208038465
139668087
93601029
184678938
77182968
111782031
104875268
80215683
72772240
62579602
78831266
63506377
81054715
109857218
76780402
66260225
66096365
70828069
70428516
64858539
62755022
74387385
67129419
70927852
64789324
98796875
83642336
71728349
77031908
72211489
94054513
84621825
68526333
88483308
69494257
81343247
58839475
79481349
70100835
84540909
68411421
138414497
68662903
78029911
90481135
92263889
81258899
73581692
79346070
76088870
70109997
93657530
77065943
84436697
78196045
78474586
77330043
82364093
76818951
73774184
70009487
111579484
79652795
76896271
75272831
78037938
71677887
57523490
74205236
74887167
74052056
96632439
64309649
74426761
91115091
71035410
86837420
55455623
92373725
73389013
67946517
72397285
66798315
80893819
100621063
64104972
75663828
78474597
71934809
65025627
87509291
80783975
59500863
80134836
62242931
88548154
86946588
76484824
76587160
74938069
75133212
91156030
80710540
64700450
74337784
70387403
77528382
70639992
64600392
70752169
79847041
66781429
76399962
59387809
102911313
67222743
88405281
66750790
78026959
72439121
65997459
74544622
65105870
78886246
73941546
71164772
88700918
67692302
72366043
69020342
75350091
78239107
73029492
80509023
136505144
127258558
73752871
129125103
71476260
58146606
76507786
77005522
87186106
58761115
65936436
70248216
81362719
69564598
79220698
76604774
73004359
84554160
68553999
75965877
79203801
69729736
66528422
77322925
76944184
106919264
68454117
96329925
65833298
75120073
77255190
81272320
69456559
70932898
91215509
80449779
75600760
107905344
90036307
74122716
72983810
90987508
67654196
67777153
100168502
85222126
80579013
60412952
79332296
121048884
79083922
230066358
69340051
88667206
62743738
70358146
67893328
78719257
73024554
78216822
66368823
57882246
78673794
80510392
68201023
68409840
74449328
69684676
70366426
60083502
66336214
72765986
72883743
72807495
76328051
67410350
76568759
85848879
61577986
62101400
68516643
67711133
74550751
86145244
78547227
84519794
78055343
79571530
78851998
84531410
100375717
87328253
92628881
120134933
83564956
86202295
96786325
88115229
65396940
86045357
67942410
71266114
58705669
104834945
70635826
70691855
77088049
73007297
69495125
76049501
83993819
74757111
79713586
68883782
63771156
59294224
82828863
76453913
119865304
66460693
76170209
64250901
70966982
60136054
131596703
219951660
79652223
92749771
68153837
81984203
85347221
54920927
84442077
53899718
84601198
72716441
75035682
63293166
74034708
58645262
70377643
64606437
73775812
76484300
72847673
57851667
79599647
71053898
66917155
130966901
62540234
64430689
58546844
66693773
69978325
63279192
75533140
76186035
76012527
57811796
70004465
108951829
71459095
93626432
64003949
162051851
84357815
85536642
129509174
68015452
73936141
75750279
71376402
75028710
70256006
75629724
78852975
77139446
62527065
74570185
66467899
78180782
60540952
72028219
76316721
70630660
65227802
71289137
74984130
56667953
89389416
60314956
71573810
69111053
146992786
70306398
61324906
75744022
79978839
60533581
64859192
72970154
84431120
66020101
71693289
66496283
67740060
63907887
91619769
83405496
74670267
65170639
67491567
81417684
56255740
90846301
67464287
72535524
69698340
73776355
76640798
78114470
75093400
88758676
65948628
83847615
64380070
66300366
71657148
175663103
78632704
81475665
77400007
80872322
67732352
63190604
144486408
90378934
75110119
73873159
69110962
65963865
62014479
76100644
61139885
80487034
63788182
83730187
94988190
87556998
65832364
70570999
90041505
73472883
70284687
68145269
67398192
67887541
75084644
74832734
94576133
96518774
71138079
107108156
64882107
76208345
56316292
65171246
59823295
86081439
86577320
60610544
81547693
61485392
78952632
62146346
66143439
83054651
76982370
77093040
65195999
73199387
57807739
71097859
70134672
67468257
62739934
64353269
77684416
72760080
71749699
159203088
71369045
62369109
69431284
65402734
67182480
81947154
64988670
84455127
66319384
64615552
60207886
63542484
59496559
113815531
66525839
64661555
68921010
56915261
77181462
60414891
78748476
66002410
68428874
73111118
91920289
69173040
79002774
60397858
72690226
66615678
68336857
78459167
72637371
76318292
88286251
72984241
63362817
122170965
60720391
72961094
65673867
86092008
65632483
78647902
78169940
80614924
117648921
64595490
80678741
88872068
74495854
89594773
75686760
65600742
110762988
85336065
72721692
133955575
98646155
70551614
73118273
70700541
66900400
72837593
82782242
79860836
61137514
73158162
74435393
83763808
75785236
79016176
91569807
64678124
78164726
61585585
68972617
62030362
87235246
68483980
87697006
88157444
62330809
278062908
89114657
68945680
77529869
87858561
74741604
80672727
64519630
79593380
110438323
72981510
65197730
78791782
69175875
82027276
79393373
74427157
82019514
61934817
78247191
66930876
92748105
86002027
68387799
79464504
55345539
70415813
67360544
63442147
61870698
76174580
68831818
80803314
66185556
77686455
112871879
84807135
67869287
70131647
74694755
65604346
78473908
63267827
67232914
62679495
77807402
67861594
94621938
110548131
69008303
108230326
78963116
67855153
90280104
67109580
56499536
71277308
58538834
75214359
78656296
67316682
97535240
58613119
84856489
65765716
74769893
67003734
79571544
67141943
70480102
86144669
65692553
66874508
75101392
76396060
84049192
63261100
73070704
68757785
62550275
74379395
65766599
65625946
77167760
74932293
73086308
73807871
108116173
59637726
77985202
86581399
64176847
82146368
84790117
67698979
70202883
64098435
70602891
65498088
75463251
58678346
87238306
65361722
84658910
68584542
76897021
85002724
73316878
67449016
61893953
58976897
62163021
61384463
82637089
82935854
70295062
66984523
70730437
78027451
121156826
87812859
75522775
81321829
57727014
71177828
62257125
66453095
84679738
69485369
75240728
69253466
76562202
74644493
69809073
83159108
73533692
72068763
62938896
71872457
83466811
77862164
81825820
62071111
71883526
68531944
71883425
67258399
83714066
75042706
79331813
85883547
63525936
72316562
73499873
74628666
79369350
82329666
65869428
63138713
123916751
75337004
59801452
70559146
70962890
68314081
61468866
74747292
61972586
81109285
62260659
87490080
68882405
75480034
320564598
64343073
68987861
73551703
63073052
124717212
69874904
72099554
77122019
230294062
72446627
87126468
63573270
65729233
59578071
88923044
92301750
80521377
66443485
86967127
66207900
79294728
78308155
76510490
111255330
72026397
171131198
81598830
87108072
68070211
71507587
74642341
66534929
62939767
61684517
87473972
81331572
65013570
72183984
158793093
84904070
65955333
76166539
76276261
67741064
75584034
62480341
109516654
67921162
72385182
96509029
78378041
81405669
74349565
67686745
65025990
77901180
76246860
72414633
64258038
64999903
73626551
87778851
61979236
58819842
82507895
78224773
66244543
71439395
68186985
74927113
59361137
79458889
65143113
82071327
71452162
66974139
69194877
67984622
75046257
72147892
69224011
164328973
78415343
75814623
64205501
82726958
74590848
75266978
124872744
79007671
71454881
69220720
72999238
80976357
229485622
77495592
59978238
97659840
68570337
74666728
62502489
61895617
62019887
63158405
63975929
66321262
65123973
71395571
70572121
69521787
72180525
86144691
84998446
71621284
74992585
59772018
67775778
70396631
77427806
76708229
63299056
72344091
96054867
69616248
68412386
79582767
80022664
77452153
68719404
68226480
82999996
82640953
76461134
68296435
88029738
81286123
81957713
78543607
63266492
69184473
67765100
105460381
67206463
75823225
80353292
63773256
78548814
64132294
72044963
73981890
76908203
61770349
70045387
77450715
80347712
68984534
74761505
70060465
75212399
70751640
86797537
87065579
72864789
73344793
86708263
94652727
74280515
84452113
78576728
76648326
108858205
66180167
64547279
70498631
69873376
77068194
61782449
78041263
70666006
81711821
62955558
64647201
67759244
77334464
69438650
62477876
67481833
71524815
58163581
74324534
57557202
65358792
71766953
71850033
62297200
64807252
80967710
65703453
71336666
82934446
62785209
74976072
69551366
98880352
65395462
65672052
71261307
71286663
78267388
100905434
56648427
77631368
90475166
77932297
65809081
77217772
66290708
86009525
59184903
71002178
59593124
70218571
74871858
75426710
68018982
72795171
70931353
77714156
89139930
87021038
61916209
61488283
59017656
75791895
66978313
77805250
63524648
74581305
69821678
67663355
68152347
77035871
59057286
67727500
74398412
73723950
79226288
84036373
79121445
72709536
73578713
73361710
70607075
60929734
74971185
105477975
68866232
78691438
63824684
68063533
76218803
67417446
82958054
82407046
73720000
60155179
81762899
62117275
70779834
60427247
77737641
68628173
63653829
78195586
68829808
63704601
79813869
58352951
87530145
65628396
72639474
61421715
82334198
112291315
74592539
66409079
75947014
73671332
63180564
74958951
69529773
83916740
58710444
69220571
60699734
62772376
71309879
86040362
77167361
78723071
69724336
77543230
80993994
72712143
79741463
70009027
67929193
73317300
98263256
77246397
71362158
119483156
62082465
80097743
73792416
74196539
75036985
93686323
70719243
65896313
62504434
75836545
89367354
84363740
82524441
70424265
74558906
79693083
78071222
97611488
91035394
77130554
70038137
80475827
70182245
85743209
88542281
81483000
64534603
67876288
70316405
70727652
71682166
72698320
63307977
85848628
88859799
80589178
88429039
61010518
78872910
74053637
68689569
68967504
59519172
63339367
74191652
80225909
90796411
74015244
67739018
65339595
