733142619
204165578
71614162
60265644
62462349
316802364
51269126
48456233
103693852
122293001
116687068
93843071
119417731
125702510
114518403
102272632
113987127
96069463
123539036
124101343
108311502
129972925
111648615
120031106
114570152
121685326
94348767
94387396
91690762
93745608
109857850
111967616
115801358
80677796
82284240
84489513
69184799
81821783
68220745
60995646
76555251
89497043
84810412
72718591
74526621
60306971
87662395
91729512
81646775
62129734
64249246
70122277
80297731
79490679
55747367
78639663
62039806
55681582
74120917
93267736
67664071
70826502
86449627
101516211
60550492
65384077
77426956
83511595
69713876
90883703
78271659
59879751
59420367
75917604
98185709
71427971
104014165
214568616
54586356
56780282
138339134
52432185
59981735
66330025
69059753
90678953
77133398
65892084
92206711
72663803
71442737
67380577
181006176
72824287
73312693
67582383
61240716
57641629
58854365
57860698
62254645
68555692
70015966
64834119
63076070
104012400
114187996
54524068
58945141
67193227
63621574
54374163
77856214
56963650
158174026
63371570
56614181
56562589
123966531
100003869
91701202
109668322
97711174
133912485
198398498
99165191
101160723
105530178
109233653
99352860
110109723
184271421
92103742
86782071
102967897
76006805
53358369
89618767
68387835
95627499
170628789
65181181
63018019
104001396
55079370
76296373
60091332
62606168
56849144
57587127
77401640
65120950
61265552
58097072
60037662
69482784
60108640
55178653
51602701
52840959
88214612
75271041
56019518
59898914
87293985
58306546
65730176
59575122
61693218
54554757
68382185
53496119
54573772
64136157
196784045
117295810
101292067
116410993
109200343
112813376
102512528
107876904
82978382
63099981
61530516
51593128
58406731
59614435
62945956
81566571
85602926
80630822
70872118
57250398
64988631
54141864
114739733
57554142
59765313
61839036
55554184
55971536
64549355
57689461
70959037
58179489
69317653
64479602
75090108
54982246
62323670
69113213
66214588
83089029
57362911
65732343
62081004
60603219
49910662
87419731
52160181
49699406
57476914
73075435
59549744
96832616
57143736
65647020
86203002
67032962
61030943
59542878
60916828
65311397
101355820
58505638
89550389
65657777
58052606
105936987
56114908
65155723
56319794
71338830
70907720
68419611
48843727
61701367
49486922
70182599
58162411
68067307
59945692
59989812
309935594
99648031
96984232
57960154
68796257
58116990
61112803
62990710
58997874
57857443
70847450
57348201
52979533
58080987
53055733
58966673
55679796
58456998
59311134
56618184
55572205
92988954
95035425
103042872
109988229
100344622
109004290
109196131
115600599
107123108
67961280
61342828
51999458
58213525
65857584
55361146
69966206
74856849
55477752
59991448
53385752
70416515
65419472
61112680
58996394
59712695
55281110
63816295
64700883
67358536
64195757
62967524
57847387
70621690
47893113
62397083
60762255
61124294
48819073
64941226
50486293
65406830
51045646
62202526
59738833
71582496
55372245
58137429
105042967
54800448
63250394
60713106
59518351
58650432
59190039
58785630
57105417
52904644
57774398
64966179
56821152
73956873
59145258
53716114
58791128
56257672
57927392
60601733
54879107
57351668
54837212
62963566
114744601
57001625
67669829
56771850
63660045
56328961
59008830
55279614
59983932
54921545
90449115
54937776
62521192
55156272
69581196
387347681
69859804
58461819
48782050
59087742
47635560
54366606
56860885
55657584
56349362
47985797
53064184
61215637
56648296
50115248
51778123
65912002
99355179
64490864
57215358
57422127
50023279
65166409
64830264
64229527
65919058
61550628
49270773
63666512
111494678
67772889
65358843
75692276
56956345
65218808
94142040
58525663
83384627
56226625
57243772
51856184
54311366
78584823
69425456
67220783
66337040
61572015
91738037
54970446
90593241
76204249
67484238
85918016
49435601
59419681
59766320
57095790
64284148
65152029
71634668
55106859
49852927
101706314
104011301
65053001
61981312
62150374
87322417
50779717
73631755
102699498
58811825
62671474
59295054
97387672
65099945
56971313
69319595
58081792
66991742
64657454
90858166
59358827
73997197
60950797
385284091
100334140
61804273
54874846
54440012
56723844
70032840
58149447
69402599
55725096
47752208
92405606
72204455
82909476
105512839
71478308
57952885
58326726
58200246
327138087
55019425
58891343
54655442
55783539
54940176
79073399
65197433
48709900
50930438
78128055
64004717
59762255
63457158
55347634
73412167
64479917
50850412
84949282
53251317
64086770
76570519
58314171
62183248
75891101
56319854
59192472
57073497
56594532
49178028
61956731
52361399
58073563
53642022
59139139
62669076
54851754
56126995
65193842
59376815
63838329
57058523
54495736
49813400
62599808
61750835
85925574
67895920
64230527
54736588
55828573
59194857
68588175
66696032
70100617
60169556
111684023
85395231
50698400
71862845
60099490
55116302
50677457
52920625
48083291
57805245
84103361
49423934
55051766
55610687
57378473
56985619
129701817
56862991
58728488
49319761
63454745
64816054
54943182
58302405
61073390
66298808
63304106
52635320
75680761
59590715
67977659
48761718
95069510
64294569
67503039
77400093
51310933
58504989
88506462
54110705
56601674
59929450
56022345
55602925
64998055
61671463
62819697
49110559
55304282
56754530
50856122
59146003
55742245
62005091
49021005
60363230
57324597
65326239
72463777
65753643
56807813
62698509
50250964
48076153
53023819
47943127
54547840
56835606
58871659
58657513
48508892
88114115
51690673
54487062
55167944
53828210
55838473
58473731
50992827
59708523
55670513
51539185
67146812
47750371
55720551
59495007
59887034
58959263
53203404
59293225
52204215
52735561
67395577
55481953
62448157
54860532
49279993
58618101
65322864
59912020
59308034
49492251
56104831
60018925
50658925
64368072
60105643
57165410
55205742
366875143
64478992
60291563
58182332
60501025
95545465
58721692
56079922
134494502
70724148
61349027
47994697
59777928
69653510
47246358
63994285
50494986
55498676
58725415
64476311
58879012
57055689
49536668
58876851
51641789
65178718
49061816
55128329
71698992
63506289
53842459
61346652
67337689
68150520
59407249
59873214
67425908
66678091
66611746
57279999
64447578
65487420
56605252
52029776
54879596
69189972
60853585
56894219
56162857
56837831
63560716
56638981
60254704
59125232
76750870
47578934
47607171
51251705
58908320
59061414
57217039
64730962
61999077
53453061
67409541
67099406
61613410
55093141
55086208
56176616
60158546
66415924
47817262
57302619
92721210
64470257
52392705
50211548
51043068
69957199
54922604
49544723
61102785
54798979
992973343
54900646
61717014
50484600
49690510
67097873
63459341
68067243
65707469
56604752
49893557
58513704
82762882
60282743
51930404
53915450
55337692
57643427
56563920
63793221
64220677
61796193
59020885
51699933
55430025
57811151
59199809
50914861
100820465
101889185
66104464
64685514
58259481
60923024
50137363
59297764
65551982
56546030
49774337
62101387
66183180
60748266
59440784
63176987
59713326
49625200
129429467
57331830
63719521
53581367
47538187
54945364
75569642
79964609
58330009
48912850
134176740
59461942
49295729
58924042
63558269
57439588
58494809
58588046
63118233
49436612
47804932
63818539
72222787
54837330
54683339
64560788
54457815
56514667
49401423
54866347
56812200
58450714
60991073
47880776
67354453
60620416
47597601
52394534
50799801
56419417
58418186
58710700
50087043
53673941
51722645
64394927
95419869
55933603
57516733
53853837
48536167
56285312
59742242
54878781
55711534
63139676
55757139
54845142
68110424
71468447
66246815
86751768
53007780
79107252
69047136
56119714
53820952
84858156
56507995
49976725
58835541
48236121
49050421
54534844
55184595
66721170
57899934
63606399
58292467
47009739
57654127
47175668
47759809
67388034
48823524
59475764
59834927
60280039
63634933
56401966
57106161
57642640
49706586
54874154
48782558
63321303
69938738
103889532
107633979
97787569
88737904
115647958
112818740
94155179
101514443
99375030
105340060
96548312
112754128
109760696
95613656
100065347
109627739
99332190
110480298
68987121
66398684
49252513
57850621
57368384
68320625
59938050
64359080
66019061
49413198
49289251
68649244
56446955
52544419
60195387
68103086
56906903
53871019
59328955
59398044
102211940
59442070
68458317
64898079
57020006
67225859
56150924
60558822
70040496
71058365
53928405
56635027
50935853
64613250
74487436
53462849
67226384
64483028
58293547
54169134
47938597
62808480
61479688
52670600
65643680
141203618
69092808
57755537
139422044
58175217
55867413
63599392
66358794
68016807
47175390
57906986
57613647
58535420
56342667
56377218
61536529
50163796
59473379
51528118
60549465
73426678
51818251
49459485
48334239
78581457
58714075
53122494
58741609
63984834
48336972
52815097
56922483
66512683
59808922
60018748
54478082
65202967
53297080
55979542
50775707
69873093
55179594
55812237
57696627
55653779
58590764
70838740
69313414
66201616
52418610
56831758
50069732
59483121
57872607
52037761
63376533
57760589
49215301
62307869
46608182
48398196
55228552
51582863
47801531
57576741
61313904
56364812
64958026
54827985
63449155
49544506
68492651
80611362
59540102
50190039
55652148
57357710
63242268
54640710
65116275
51017619
70871384
63059914
71634198
60777953
77044490
65147588
65116918
66133990
64907425
55379801
53632971
56194765
69826609
65085315
62544855
57332855
47794788
55181414
55858750
59067633
47891127
55651024
56924373
54876340
48200321
55087407
78597301
52183041
55394639
55394801
53598258
59596425
57571073
57525287
54581557
47471297
54706398
57734711
57917749
48603460
66545543
58217862
55915220
56165510
60249486
62671865
58733056
55232027
48086907
57459694
46069351
59047982
63486617
56536963
54665145
59366531
80156270
46333745
57472684
62318308
54347891
54532410
54963392
51367709
49429902
57598238
47823124
65000876
85143351
57254869
153366752
107868346
106333390
121335778
93788729
104358104
103076876
111276905
60663195
55779796
62728608
60219222
49677203
61395730
63309240
64844798
47514520
59882105
62096109
54431129
67863401
71590938
57620357
64359570
55757560
69824121
54713012
59648685
49870311
63460877
47638515
90991114
104618614
65123990
58591047
56788309
65558835
59820036
59825126
48115274
47868270
47836376
58411954
48054706
55337872
53748404
47210673
55770872
89045548
64552543
54381712
54896754
47018797
63406158
50428091
56341291
48706013
58374361
59496211
57430638
52209056
58697288
61129503
55489238
62115018
48341977
64002225
68848457
88541465
101120342
96088833
93012948
136433047
58948932
57690481
48758734
73178837
51425539
48778958
48553335
101940815
52322598
68308719
65419740
64686350
59610816
98273105
55549748
49738626
73169392
55569653
48217890
62730067
64520380
56929801
62294003
64441479
55494492
54682864
57274859
60473051
55586321
64617023
60693301
60941665
51935308
49833763
57425888
58277081
53288290
51630754
62467343
64939740
55626858
49744531
66543482
55113636
81287824
55653706
50348618
58046860
48372715
48886921
58741289
58644329
67243511
56848008
67054640
47191641
46013318
62037885
75882133
48626521
56067290
50598369
81645837
54303847
47731944
98974918
60323322
53646497
55401471
51788479
46272610
55127923
58653696
63175628
50581343
48475324
53656749
56704435
56286129
50431202
57887386
67933938
74965249
58389715
72275566
60256437
55312501
54581592
47582177
51329687
50672339
77083333
58685429
69610631
47574241
61801694
60250157
58167088
67443171
56713052
48571032
48323497
55556542
62305270
51776025
49787002
57844329
63736218
58834619
58459830
57757698
55844331
391271516
50247464
49421869
67170328
57658445
52174909
58056581
60489520
54702134
60653230
47889012
67507658
56347906
58063819
55063977
65465199
73416500
50250819
61754574
49984582
63502280
56269713
86015127
110818655
56000619
62313406
54553457
66339413
65712313
66490043
56471154
59212519
59026558
56840727
56505230
50883585
51935054
87908509
67676611
63677776
57277135
67560612
55857221
50413963
65903802
62087742
51583956
49197462
50066659
50242874
69344388
56687040
53394146
58298766
60210459
60569402
75355132
56915784
60571561
61291107
60755245
65047039
55863088
68730721
56983724
53622692
63955132
55688812
59280090
73360604
54966635
53584497
49949692
59216014
49770137
61329118
58316018
68302184
54774722
56072834
64497009
51092563
59368681
55928826
55303946
88190228
49616806
113462586
111032978
102767339
458066216
77033783
56647809
53951159
59445788
57307868
51099684
51708577
67796869
49716401
59072185
54310093
50766394
72350648
60928143
67135455
49054393
53169275
58997505
59710923
64610454
102128999
128706430
57904016
61408873
49471224
63211498
52968713
57256481
74987278
54098105
57040424
48133159
57688738
50515919
57363303
50663952
53750096
53906471
47239685
74144815
49986695
60416845
55286583
62100723
50942737
57872806
46291544
53488696
52783896
55849275
60310355
52876417
57971986
62964848
79086599
63898073
102757229
60272076
53948098
54912074
54855004
53389143
52101360
58755569
50765117
54671597
59016609
49138001
57273228
54430867
53837920
55285481
65677982
50104378
58433293
53600879
48271026
60739062
49333370
62209779
46230706
50105137
57218028
57420634
71389726
47191157
53298281
58065673
56905146
64485628
49074116
56471694
46914904
57007866
58753062
55407040
53249341
64290674
58717208
55141746
57140558
51976021
48128893
58123250
56601246
60290165
66424431
56179990
59375191
64661262
55608562
66634786
48336049
58269458
55013331
77510448
50528051
56709039
55799619
70413501
58202673
64190422
53097046
74257729
64441304
47541817
56509638
63944859
55294318
47763226
53719864
62114735
75604972
61562487
45756057
62594001
50121089
65134243
49611506
48835376
65362690
49366611
48660852
58493069
55941328
56981207
62995192
58055323
57969873
48960016
80169816
46327959
54542086
76221559
56102980
46311701
66663231
49412676
59827908
65954817
62819963
46986085
56819361
63589554
47967339
56154917
71619902
47734025
63892463
47047925
60688028
48871890
86565219
51512140
59019022
53610479
47743112
58206137
54774763
47766147
57313953
49934789
46898325
58926094
55371538
106366452
58418325
54467525
64318469
57051123
46330857
57413629
51048154
57818294
56729881
54566597
58734719
60837032
53945624
47892475
62271779
51587778
62133785
48782210
48413641
50923459
58877745
57014284
48376308
55692392
48115606
46555872
47507101
53732857
61716139
58686421
56313846
60758733
65839284
56722029
65786644
57523601
52272925
65085632
149731391
52146087
62180560
51249562
56260333
58685724
62011680
49965364
69530156
51547162
62287495
49840562
53705678
59435553
48463075
51584533
56190604
53514276
71638957
61543815
56825116
64276025
49378545
49394968
57770953
70653138
53757174
56227220
61029856
48298587
58481070
57560126
64581456
60697424
46608821
63298837
48628403
57103158
56446911
62400683
56753171
57018431
60691780
49382659
61689479
60546648
59731200
65337341
60334239
56877626
49419444
61651714
48348313
48275626
60352336
50610493
46772324
56817103
56855194
60324257
58511056
57744299
59524411
53728940
57090912
63417673
57202857
51122283
59591451
49682251
73403460
52659649
66496170
54247018
48571912
76407112
59020005
57023829
57185916
58034656
55720899
58473033
60386065
59844187
51224339
75636042
48416419
60463377
50428300
111011416
59240380
53625254
62455846
48778962
60565475
50790818
77625243
101417943
55160012
63744321
58145197
82717308
66007545
61591300
50811861
55985586
65536943
50948763
50777298
58257185
50594265
55579750
57829560
59608587
48321356
64338814
61113929
57053032
57438482
56404117
59617679
59718880
75230196
49047084
49226579
60136438
65145666
59120786
55114862
50244500
56632847
60281925
58293859
61235640
59719595
57841196
59149054
55766030
53040717
65096294
66737586
83892367
54340653
57558696
48653375
55508604
59280001
67340005
57279906
59482175
57490595
49948884
58605575
49272373
62303773
51553676
60176199
56566956
52241652
57216937
66123860
47345961
50548039
49719429
59627385
47338198
60224988
48674045
63037463
46972188
58525174
59507817
64270576
57294857
52368762
66067685
48765099
48405243
57680805
56291678
62830754
58120952
53308686
61902738
60888807
55647833
62722252
57901455
56599748
58492814
50989633
54187195
54628639
67716552
53379731
59385083
55813572
56704035
58044003
58162420
47365114
55952994
62597125
47755824
57825530
55485665
66658533
58820394
57608637
49768367
54741380
48935607
65637570
49478713
51473033
52648071
58499701
54781755
51520358
58141057
51590532
62441417
49285453
54814883
48134775
47972825
58099311
47841789
57900814
55343482
58348932
47020413
47213777
55526654
62667224
51389322
56158651
59637983
83137602
57514928
65750957
50190163
62553596
48276214
61648894
55968475
47648435
56460822
60385229
48415640
50031398
55775944
50046472
64352703
60830199
64319945
58857958
49128125
56535264
53490878
48575209
48793978
64762154
61068887
53744280
55072409
58041369
54221678
63711904
48530913
61732614
70500085
51802328
55016175
49286744
58436441
49318698
57283646
62724208
50310247
61431665
54587193
60083317
50362676
48794616
323488269
51878737
54097702
58663425
54837889
50006131
60126575
55405637
53461012
60523694
52049345
58080805
70779946
60655227
49289019
64530337
48927693
48671194
58375010
50650104
58015655
65854305
62859878
52358244
52117617
58173918
57484791
58660139
58258290
53255010
56269922
48115961
58741003
76093668
56847300
54315460
50125890
46151982
57708848
50283784
58348259
57735434
63717755
48510533
57620118
48883202
58028876
58103332
48110162
47944097
65810066
60258931
58675487
53163857
65984831
63167033
60066161
57680524
58499615
52883340
49780615
324278078
53896547
53758405
54107694
55856603
51351206
49994564
74608443
48278571
57961649
85351862
46807740
46140998
53412171
57140371
54251149
56779045
56603905
138124460
54470984
57755353
52855846
61845040
151841421
51269222
50499805
47784063
61914605
47696546
65128208
61330107
48265065
63598471
49647338
58769299
58503246
52614696
46895790
58170275
57058285
48660737
62203834
65574826
54823055
54468911
56200982
57513353
55753014
67082707
48914229
57818647
50393553
101849943
57545245
59274195
56769895
63939191
53213187
58564394
68753900
54153459
57911870
55725222
48331534
55283812
52897860
47583045
49609072
50791827
60066931
65094867
51951463
63321022
63196431
49590102
50916645
60503584
66816205
101417800
65276980
60650321
49972721
54670065
52728014
55663746
49025843
56403893
46787572
52153020
54422248
56375929
48959664
51980812
47564764
72061796
59350013
48249589
49262534
54957842
56734294
67917632
52538511
59528354
55174381
66431660
56662054
54050092
58010120
51082920
50331507
56666814
51541649
50111249
59059157
51472859
66076502
57726772
47511607
48667743
55033836
49770055
54697797
50052607
59054906
60067446
62867443
51905480
61602058
52339447
58507932
60296748
60838755
59099970
49280924
51083029
67722969
50653596
62133622
56208325
58743741
54093878
77629996
52641901
56924443
56102360
75309195
52671909
65197499
58766759
59219416
61054060
51590321
53765011
50971207
56095428
49109535
51059930
69805992
60797923
55270530
55293786
50388326
55451963
60226791
49635594
75132255
60675739
59176128
59624019
55798202
51832982
61339552
60437780
57568839
55387730
53011544
57980289
73621982
80329750
57371670
71015758
68754466
55439561
61785427
55313013
60828810
52960209
60243491
53497884
58450265
145039234
48577989
57946890
57884336
48589964
54661298
77177826
50685532
65041599
49646914
54736649
51536853
48853034
56253000
48858861
49631533
53143900
49281346
49685992
59165984
51637682
56507107
54079725
63222474
56238874
57637594
58638504
68391901
55208893
57150324
54835022
54635552
58098759
62344725
57618344
59820239
67875762
73013146
58526416
63844607
54771291
64320089
51858433
48026836
48782661
65265375
61925120
69106646
59474682
50160334
57767815
69821113
50787732
59112173
60140896
48159158
70463669
51825306
56911121
64368845
53310830
60294428
68900603
60732163
61487880
49958700
60323830
62138000
60083410
58295617
51205225
71246079
57979439
62133867
71368968
50204008
51209338
57961000
57960568
67265938
58731297
68180042
62019613
61007870
63636013
54759312
60780124
52392310
50325789
70229424
50680365
55856403
49249873
58400586
71293380
49713931
50408976
59429636
58915990
60261778
48139501
57664489
48877299
46730433
61931838
55927648
49723525
64497236
60760214
50469235
55476145
54944735
104668082
97886611
99200899
110846211
100456781
123736412
119709036
94438000
109687932
115358129
115089583
91486695
58299296
58630292
50658393
65457703
54160414
74034134
58740005
59273123
61421770
50094841
63537175
61608520
57699747
64146027
49316541
66189866
63407786
48395227
52976157
60974482
60217006
60643403
61909571
62619327
61340709
66675095
50312827
69497678
58309646
56298426
53909331
90464890
90437795
108811806
94432423
101817447
101692518
119186503
109117170
105793132
92970176
102769290
63277312
52116322
59852685
58765394
59759407
49157967
49352658
46649599
48735220
57343623
56296529
362546890
60521724
49042973
54791231
51147634
47909835
53791018
55076201
61581204
56325226
57702405
46795900
65649733
57328253
47814937
48362969
54820129
50260402
47789555
60071331
58780381
48842392
57378809
51398007
48870523
49751840
48268007
64007866
59446237
50104241
57126809
57191774
66427424
58274382
49439493
49273559
52934526
51977608
60503387
55183090
57884302
69014464
57495266
54547807
60096655
57038120
60127748
56912597
67054997
55808227
57546788
59958278
58491843
73447350
57637789
48286632
56321237
56370366
64762703
66346981
59094481
56347803
57713723
54088123
57878594
55842421
78618670
54356761
47363667
65982947
55583713
50668426
50738449
48885644
62055228
50673663
47565386
51622127
61280990
57801865
48492944
54712867
60634621
47852374
52972263
58867331
57831155
47897912
50430994
57793973
49211355
66729860
53165980
65010171
110714292
48873776
48822026
46584824
60510179
49101744
50036067
54853157
58602618
53828635
48418763
57327493
49633010
51424904
50322770
59638592
48322152
73074755
67156230
50503758
56165482
56797345
48632211
58283594
48983451
49858243
53323159
51077972
55665640
59984849
60426027
56831178
61506673
63965732
55414752
67761237
50980420
61853043
57138725
55738598
61675522
57395453
59373448
53834578
48401366
50580057
59901017
48336018
55743913
59129581
63675968
70200194
57516058
56022609
60939473
53663821
55353391
50782299
50099044
55660447
48411090
53771056
64537241
48612686
67722315
58391326
58124917
55368948
49338375
57465477
56005861
47619616
51955373
56110610
56244679
47940197
67164111
49120162
64472103
48629323
59570732
59106604
61244528
54346238
57826013
48908659
55100091
61694862
58622148
47495368
48322915
48201427
54196515
57253413
53412846
46415319
54703399
64975574
46585959
48140949
55197900
48429115
48403275
48139796
58658457
58911856
57956416
76166636
48808431
59332881
57008114
53479596
49051747
58656649
48954890
53798505
50025807
49240936
56692616
54571935
55764399
54863406
57516466
66121383
67164701
48988027
70574129
50484939
64663558
49187843
64082188
49990746
53782133
58807088
48330808
65495086
81315559
56175974
58051095
59283460
67756214
57882294
49427364
60369558
50812794
62580591
60191991
59060185
55759612
57932659
50523749
55318893
47510983
53121147
56490306
60745300
56697162
76836232
55531173
59111831
49638523
60456093
60616659
85022603
49022706
51356389
63039511
58608631
49689851
59098649
99935592
55210117
66995001
59527049
61022604
64545587
49765479
55976929
50558478
51791902
50953111
50288886
51738278
50605299
57866514
70855755
56891212
53814990
50154756
59944203
54427081
56105024
49262986
56173340
69193096
65246167
48779461
54925668
57162369
60500183
63640227
70797663
49123524
53919342
63414852
59628493
66382293
58802436
57175503
59446907
64664278
66521129
52616902
57688442
66657848
58097334
69446002
52326973
54434195
50089802
51180329
57951678
49876621
55574601
65366133
54692650
50720242
50846135
57017318
48595460
48322431
54695659
49140518
65671766
56652040
62186432
61219832
70303525
48888071
51556658
61061409
59775222
56211703
60119969
62774028
59354967
50061778
52674393
59279985
49464059
60483606
50649721
65319692
55560381
68083252
70458031
56480902
61349159
54521134
55108347
59269989
47418293
48711200
51866148
