590794339
146730091
105933106
130073360
130278806
119974443
111184987
113687945
112693039
128018090
94442518
114309701
105687776
92207668
111925932
138078220
117591288
109628894
134796773
124579241
124999291
127074070
123465162
120072660
114708201
132143542
137687491
118689080
117657102
127118490
134334517
154157004
117968593
124656608
97514935
83430053
122345338
142039351
113900840
77568853
217232288
91771122
90475826
122466049
82196261
89825032
208420343
88421749
120618086
60498941
94350870
99892537
73008826
92904932
74660555
74613256
94281485
152223357
73773213
113016196
92055051
64511280
202246075
72040024
70975963
78321942
75016857
89928951
69660681
85608605
269201213
112010149
117315886
65848368
76725228
61816055
88910408
75815892
64786604
76261862
118923910
116444695
78958336
93620281
75557583
79866667
70592855
205071134
65288686
78471215
100251902
79335525
76682951
75986451
87821497
92133874
110361680
83234762
138983619
75107689
73063806
86265566
74260027
72205607
106442283
78537530
82255268
75319811
79095070
60695785
77864864
77436435
72982617
82909121
76025640
78418906
81798896
155390203
130594618
72829982
78101005
66577880
111411190
59560412
68250819
68066953
92348207
357410692
81663613
91331797
79170540
78620462
77469434
67855353
63376795
74657774
74961284
61638537
98310241
86606471
66490817
90349645
79390987
78937233
86391380
90518195
64487377
79878510
91546397
69306044
83209637
80583430
68251176
81590280
70723898
82599322
58837135
72152610
65401631
76811782
66301456
209015591
91193756
131284590
78781242
74789441
84523940
75750358
63966958
95043003
58316207
78859182
65106160
124779845
88458475
88527771
67164956
80227775
131413664
86619582
74495217
102949150
79566120
99277478
70216121
93604706
91696872
77591925
59474063
161490335
68486144
68682952
83211825
93156275
60500663
167969200
112547461
65567212
132752129
110136772
79556587
61400481
74223308
74499820
93505029
92255186
88959574
76441617
68157232
82644535
97938500
57763748
77712791
111519646
69102105
88355035
84579153
80807424
77248417
103388121
79512123
126618933
81612205
366567686
72417569
70390903
98639397
97858654
63630353
103776726
64899859
94571889
106461506
75658409
58887732
78668003
86953028
63351029
95661658
80067425
105264783
59602649
71916909
103950932
99288055
65609292
76498202
67986786
65786975
76550133
86017497
73405101
68291307
76863133
60437170
99870092
85854490
77949770
66433991
99716146
80119431
129811907
82283430
66827936
71284309
68414738
72117295
64024746
76988039
72089703
72042198
78102256
82502208
86129199
68624701
108902825
101097130
150105957
168158586
94776612
58935906
138169750
73599063
111554601
72410815
66951436
83998486
82657066
70420788
88137936
90795224
74582360
66129388
56448153
78620267
69825363
116092761
94815250
64360521
81918423
72026835
71654046
66581742
81859756
69115147
73501483
60640897
80810007
77723103
67302611
85021567
68971130
68304514
85099244
68144184
301756722
65842294
79166279
71135160
212442671
88456161
76603904
56119731
74332829
96766271
68846954
67695134
78175750
69790276
105892578
61706089
88949302
82529236
90109283
91894903
90962561
65197742
86330218
77548179
71538338
77958278
79481624
103411646
64982488
68053116
77806686
74336236
82389257
76582536
83501003
78744915
61375870
153176816
76216956
59917809
70479824
71851890
302457724
78988130
66248692
74665260
108799836
67011342
110098174
57410449
77092867
66251462
87547526
73428541
66452484
77015050
59446375
82747644
75557108
59961231
83984501
68071627
86332369
67051188
77868999
170842750
87732236
57516793
77961538
71387959
222454572
65033805
85220796
66045651
80744211
56801700
95440259
87677944
69822774
67646398
67536313
87206865
87712132
66497701
68941444
76995199
63559868
66728379
134325638
88130698
70624374
71943479
76137725
71649486
83979900
86966661
63716800
83702667
62825278
73776283
66546165
63505302
68925247
73620905
70104868
76645477
59151155
68395329
81122461
76283392
99474255
60046949
66085723
80573919
75130701
58816173
78890949
65171529
92082529
73228029
71069706
74634249
73843030
73292087
77847336
77540831
92124556
57326169
94662632
70081077
72648086
73908262
84489305
76174745
89106432
95409665
66250859
93240728
65859476
85678256
74806083
73215149
89569003
85801890
79758098
262441542
69846965
75195912
76031734
85212130
81755775
76549404
78001499
61344263
63314853
103525406
57529982
108644880
61281907
96294070
59342372
84875045
68170986
65865022
63497746
87142663
64650017
75823992
87934892
86571184
74754503
82504783
72302116
66324020
82721758
56777928
64671160
68614685
82153161
63720743
66752765
88474954
55201192
73788851
64960131
75966623
77145095
114392207
75746462
94246236
74060929
78193640
83281793
67167656
65529338
68330392
75112202
64158531
81874525
72456857
66692513
81699727
64806128
68852244
66633425
73783695
70659976
76947312
85832622
64291764
72675179
68292039
80333989
78312261
57626158
81521570
62998396
70243307
65588028
79411287
62569116
80078453
111070196
69218102
76902539
73216348
69971281
76226493
85093901
70031583
71860056
96988914
84262827
90948089
64872400
81026795
116888482
80096081
65231963
71788820
57664460
65185882
58652614
71091331
63582823
85155923
66147910
72526117
62666897
66619160
77347460
65335400
72167424
64295509
79608284
77081644
62490112
65697511
74278962
61738961
87780347
76748220
92510041
79604510
65292530
87277420
68579257
74508092
85297186
64032086
70252844
63067401
82115109
69607427
65405686
74995275
78264121
71955090
70853146
115388856
71828607
67829656
76247339
78063236
87738901
55901002
109700529
71487016
85965939
61383672
69343770
72520054
60334031
65276050
66656334
73972497
77287757
69240027
103820298
102701473
77301941
57453765
73036879
64321076
62934165
72130347
97570354
61754538
73054869
65583148
68702546
80531190
82778482
378207210
58039226
70369099
77799233
66372526
64710008
69560871
79180141
107632710
85352381
86725488
75689203
74577910
61882901
83612773
79933977
73132750
62800863
71123165
74739600
76517339
67954494
73136124
73217972
59304832
88149435
63075341
75381916
94404910
80992859
80202933
65395181
74618516
77261812
73988832
71563205
57677644
70268057
66238538
72159016
79518209
83657228
65660863
72021705
74585216
281954239
73318143
74776566
76032348
93564776
76343797
57216233
78658023
66652196
70654599
85308813
115701282
72366305
75328366
75348315
74241520
56366721
63995387
63512383
71026978
105701597
65956134
83746559
65659525
75030592
68807577
63259704
67843594
91462266
67764621
74116838
58009084
77408310
71064021
64005106
75500811
66068792
70566908
62340259
84327851
80747710
63254461
79863799
56626269
79852850
80731962
71712075
66543971
75818271
73921454
74122254
73253691
66842458
81871205
75618293
80683886
73507329
64503065
110588563
122271429
95966301
84336450
99415931
65600437
74506050
63650009
77338220
82674578
76668860
92558780
60143962
75492731
85910241
70197124
79234317
61126111
67719020
108399977
70868067
64021303
86198382
62581749
82471974
78325822
57069706
69335408
62522852
62851102
116241499
71359478
68065381
60695017
84563823
161481605
86725873
73359645
76346490
71175075
80800337
79617645
69164349
64560583
72137724
72032977
81682679
75726174
57896026
73790501
71198790
77344942
84898122
70536270
88932317
71071433
69697236
78224771
60566024
67628063
60541496
73754115
64377508
64530687
83579793
87118331
60965488
97660436
77813585
57092877
78594130
70264185
85188710
71352122
77163521
71118671
60831403
79834593
76584745
73494285
71554986
58682615
71211938
68253525
80026153
78476711
62141141
94669597
67529506
64138600
68216495
69557408
78523286
68212327
79923700
78195397
79287901
96113103
70215496
129183062
64312844
64816266
58811400
157276763
71995680
133504824
70042652
73920262
59335860
72423726
69032763
83557078
81787178
66465998
80153752
67787948
72073426
68152626
77765463
60395304
86756374
77343148
74343542
66349167
89336818
105368937
76884937
70643243
73240076
75607425
62560707
60490774
66702845
77670237
69458257
62164152
64833375
57027082
72354480
56291922
74860552
105189070
95411118
97876810
71884022
71701022
84755333
67190737
75078409
69854260
75619553
76399940
77749475
63452354
75722578
61239587
69024183
71132415
69096954
64060479
56685096
65598303
62904186
73321946
77968859
69328423
75069015
64285896
64184927
63988294
67093505
75150087
64541497
82649277
66027948
69610308
65215402
76228802
69607732
64116688
72341807
82837507
75107019
67527201
62707020
68121852
85064814
70673673
67668548
67400950
95932048
74956661
78449630
84999851
63336293
78936431
77319685
295928658
81899205
72337853
73832677
68529597
72984962
109172605
71102114
62139553
77689691
73306168
89312324
58248602
85277226
78402403
80382461
70830408
78261943
66645367
68669693
83310302
76429354
80389997
72455701
56626206
98927721
69853695
84411778
66889210
81604503
62087374
73027876
61803556
68998378
108979033
66993496
72180505
65366379
76365566
74144635
63723030
74827498
235547245
74597161
80194502
89845896
66385559
67478896
78081818
68214202
80544783
84018172
65823882
75776479
71381902
68151389
56829388
79631507
63923710
71495444
90962610
67602394
85106421
66529623
79513142
69417491
67343039
74916802
65023841
76609796
91661854
70129098
56747791
66941245
56895544
78180192
59743514
68189011
81464073
60107968
90143912
65878726
78922239
71635531
80383147
61628992
78872786
73702824
94368884
58788908
79900649
70391518
81035712
81387939
83536349
82495321
69870672
73319670
75144990
82441750
75478775
106186720
73787301
101359086
77122396
79226844
63039587
70945145
72035180
85821135
64322186
68511753
76695755
88350311
85627193
67655087
77974453
69388271
76829764
106602589
65232494
88252771
78586763
67709502
73586068
68138950
70326762
67568400
72329991
69851632
57700859
76219202
65616569
70126118
58956427
87866480
66029353
79905036
65173364
91298833
64364940
63768059
90106466
68031278
87838290
86956031
74376510
70511922
74581052
91874466
56733506
89157753
68196627
65509647
64638576
77522659
66450069
94818728
57384300
79960408
65677976
105313772
74005337
75371054
66272384
93420509
80546447
89767491
66749016
76672415
75452467
80874275
66299778
74790044
84601529
70194246
75350390
59031823
81624253
80365802
59053659
71728343
60104055
82147943
91562104
60853049
90719744
58846977
87694765
102086014
104616272
83522112
61888019
85126673
92207733
92639777
100486803
90686172
68208467
99026685
79232738
97939845
78914635
69420538
68982801
79597161
86382724
72739641
65476582
69638438
66357830
70984980
55629571
74581774
313622997
56345560
68863125
61054033
86779712
80297073
76258098
67747987
68060418
57386950
88922480
72771864
58686187
69689232
68600254
82230156
81440667
75397837
59239019
79501078
75188959
68777410
76972312
86996870
90904997
79493064
69071613
77062777
65002341
87551794
67929631
80174600
73885304
103557738
62891475
64889708
77263190
74901497
65051227
79402058
72741667
76123507
73980467
78739182
74593020
70056587
79784274
166266430
64822524
68602485
72970855
69801136
64940256
59638019
69817170
69130893
87496522
82301706
62017437
65048982
66241727
69897355
82223187
67171191
76893837
57352456
83826728
74672816
83136613
57335078
81716800
68183933
87655388
67234400
79573733
65968947
71855164
69632619
78620762
109926183
89624258
65903340
79708420
74395237
70539125
92164394
95213607
80701830
84132309
78555879
69145554
77912778
59604027
78914308
77064831
68281430
65999248
69039094
62336965
83914522
65295924
72572677
68058482
68711191
69883811
58357325
79850602
77822049
70072398
86921571
97091652
90539303
80465423
58328449
67407559
117810480
83890214
96966522
66843303
58677932
82518465
75300351
57675088
68208127
67561345
80853376
80437099
66900838
87880716
75646740
75460680
70535078
151850792
92902482
87492153
73171365
68557374
71185912
61149783
82561629
68201212
77116430
68083821
83999693
100299683
77918246
64254304
87657078
72573392
79302616
88224306
71551301
93000687
59027533
90545933
92681532
77408931
58796085
68365027
80697709
72164435
68789462
70019018
58668232
78715416
74430548
61713038
81292502
68578725
76198254
61308480
78196156
67690257
92373568
78888206
78517718
66828746
81656601
63471781
640189427
115895616
400904383
93837573
124426059
96923068
100106795
75769646
114501097
90855767
119826184
89510696
94429720
111285082
81553229
122170863
86358791
106125713
126576041
121485069
127609964
114860536
118101745
183273449
132484754
129058422
131728311
126182073
114056099
167509332
135112198
142776107
118728735
107710212
116423268
75833321
136289989
105397960
229988422
71617486
71363666
134057777
99398926
114539423
94736432
82063887
134378814
129515810
90356148
74290034
124556721
92282191
103389189
67602808
89375861
72418840
93810910
80097714
67536331
86547054
82344929
107032755
108397793
81306522
82651357
159745126
90883914
73002860
86464320
102682124
111255494
163517689
92091739
78691133
73910721
69427976
73080406
97710189
66923499
66361653
121562090
75993966
73958142
85813205
98991474
78891246
82039173
102717530
94916858
82691388
120597122
79710172
73584643
71387424
88461541
68334075
73150219
62542585
92819974
82414535
69907178
81642183
74972411
69150413
70535052
80152073
91487430
86700645
85661423
88210604
69348592
70448679
152714104
83309674
88683451
77686178
99227424
76263412
79703897
88883048
82098142
99629089
72556464
75205889
92527828
79215934
73510062
69861018
82246631
80605562
86168999
70350457
78999283
68363750
80562808
70839168
73511125
69427080
74510589
78346016
79411215
81163071
77390147
82069922
73904171
107787958
88989399
97521305
81998656
74130126
86502866
92036365
95461367
95686927
75466238
80345390
78754720
79344358
70361124
87422225
81226479
115215976
102526015
82479241
71331164
70054489
92096305
85436542
65042073
76375632
76852953
66150947
91209185
65723522
77723935
73227989
71414397
71169090
73339922
67345120
351148088
109288192
77004941
117420012
74953506
106527751
103843066
64910423
88206758
82153368
73558758
103694107
87162047
73519581
72210938
77921242
113575497
77366851
72401269
76652602
63350012
64683714
87973388
76234264
69195702
106115742
71994544
70171043
70171330
64813951
72602151
83260182
73728893
70661220
86222601
79507626
89468583
135869404
67081798
102060514
76997477
74574851
87355903
117921270
78778734
70424528
68537772
73900584
65273917
72030422
77817425
104474752
264996589
69007757
73460515
112848167
60014555
133911526
85105384
70206383
86305741
89551132
74511064
83078229
91207855
68839193
76238469
75520742
70384999
74690100
75614594
86857657
80595635
69757950
69448723
101348051
80678228
83382924
97434632
105441568
185851170
62547575
77115845
67370217
64135088
119764709
72543785
76585775
150759787
82336101
88685263
65791154
95366245
80368344
103327133
138749127
192857656
139113817
92904556
173464943
76786772
108928034
104457841
79735408
72382976
62175686
78348497
63090139
80563524
102094958
74139779
65841907
65482579
70408113
69973583
64461174
62389382
74010885
66747676
70537155
64394673
97984405
80400746
70176860
76176453
71814161
91260037
84075691
68107329
87491755
69100058
79405694
58437526
78926777
69735086
84155063
68062522
136546250
67632465
76480058
89529950
89680938
80865309
73203321
78945224
75490517
68704593
93219684
73124012
83398518
77786875
78046315
76308716
81837606
76440477
66865189
69429438
110418426
79224571
76492569
74883156
77518275
71285004
57153642
73385677
74467504
73699074
93409131
63729232
74035904
90618061
69008792
84664786
55080425
91896651
72967116
65742931
72012545
66259666
80483110
97592453
62119479
72105352
77852433
71454119
64665539
84248253
80165525
59146405
79718234
61732835
88147033
85988024
76044533
76182385
74528195
74802038
88727686
80188954
63198931
73938729
69795799
75794599
70100837
64140439
70425995
79460948
66425369
76016447
59023854
102041895
65024258
88032763
66407284
77654496
72025104
65634131
74102358
64754738
76143500
73549948
70534245
88270792
66691918
71962358
66658502
74994828
77863713
72642839
80030899
120165422
120091002
73352353
124049533
69752585
57652513
76094018
76630999
86781154
58401526
65591024
69878704
81011902
69219119
78523403
75927168
72620244
79655340
68224044
74809314
78804954
69298687
66204615
76725459
76615106
106533441
65495594
95296654
65473359
74764259
73369063
80858184
69067734
70578307
90351830
80037461
75261384
106727915
89521045
73494011
72622458
90576873
62713105
67292847
96037671
84852311
80188352
60080693
78646671
120623187
78703878
217297038
65033577
88316710
62408477
69956760
67526482
78375904
72669613
77831314
65978005
57490339
78284370
80144421
67775710
67511406
74100419
68981852
68996548
59719827
65787166
72351820
72533477
72455986
75611513
67030233
76128874
85502196
60815310
60839294
68201445
67377326
74159378
83323775
78209928
84151902
77685209
79243783
78522605
84190547
99556324
85769154
92162450
119761503
83161548
85804739
95781087
85600938
65060303
82142135
67603528
70845110
58369737
102151649
70299830
70342168
76711254
72617659
69159898
75625827
83590750
74441891
78121832
68549212
63388656
56350286
81747123
76029987
115938888
66149311
74132667
63871201
70616672
59797724
124801061
186771902
79322084
90857733
67822877
81429581
85001509
54592945
84038524
53561838
84274854
72373113
74663720
62955287
73686117
58339256
67313425
64254224
73471872
76084745
72506346
57459900
79163148
66859418
66514346
121976700
62221881
64137391
57806440
66303984
69657891
62937100
75171334
75652690
74103698
57454350
69639471
108147854
71124532
93276908
63641198
153486026
83960602
83002096
124746863
67646741
73425170
75432684
71058717
74723074
69839237
75296729
78545513
76416944
62230247
74194885
66144818
77855376
60214735
68175271
75906735
70313417
64888670
70780663
74644093
56332324
88530814
59932294
71199399
68610786
134980179
69973631
61008427
75425044
79631366
60212400
64554028
72448709
83724895
65695449
68920792
66157532
67413302
63599363
89112298
82945422
74325320
64841631
67162248
80926636
55910987
89988684
67134677
72208368
67955624
73437430
76067678
77688352
70570318
88369893
65640539
83093295
63508659
65891167
71349965
156479557
78263539
81138515
77054741
80407899
67429111
62884976
133082581
87631953
74790048
73527783
68774502
65601001
59150257
75784956
60446711
80064924
63374487
83017555
94051494
87209801
65526967
70222825
87962958
71245415
69893980
67807687
67020967
67066644
74726812
74423752
93895325
95533403
70839241
106316881
64536386
75861533
55987131
62396782
59476873
85530231
86245427
60255234
81169896
61177610
78588752
61791788
65623452
82580371
76659772
74426482
64904056
72879011
57490040
70753060
69718214
67050661
62435747
64038306
75460623
72451988
71420807
153675626
69919762
62003354
68899722
65060789
66817017
81637525
64668394
84104431
65995304
64317880
59784084
63220574
59132915
112033021
66214524
64323887
68581932
56542146
76862432
60079112
78403264
65699851
64417005
71851465
91415924
68822958
78311515
57650440
72364317
66158403
68015886
78088068
72315235
75932313
87324495
72568566
63018914
113776700
58539148
72583198
65351814
85738617
65304270
77176385
77802012
80283706
110885009
64278063
80330772
85744696
68252742
86986360
75212772
65198893
109187666
85004387
72392465
130015216
98179383
70216793
72746128
70364783
66589378
71884312
82450045
75370201
60819158
72806426
73648003
82554704
75430725
78659665
88695684
59035174
77693289
58160885
68541290
61674242
84450837
68147301
87227972
87699702
61918639
256468075
88743307
68552803
77106992
86997569
74325100
80268161
58342199
79202353
102241315
72534960
64843430
78227741
68867213
79432489
78985809
74106425
76829260
61609133
77849016
66611835
91505145
85684176
68090981
79072797
55012550
70040501
67044191
63081624
61552276
68771966
68403429
80404022
65894309
77238476
108782783
84405928
67543813
69823682
74375757
65241755
78145058
60447607
66910074
62350304
77485843
67520917
93262321
109337172
66999668
107770384
78601952
67420076
84861081
64446330
56185583
70959506
58216426
74921661
77952823
66988637
97102825
58288620
84547475
65406353
74457594
66275802
79238023
66841812
70105359
85791460
65378407
66560834
74722335
75768999
81150080
62977760
72753223
68466151
61748284
74082656
65452830
65308281
76781504
74617202
72772067
73428572
107770951
59288341
77555895
86215496
63878978
77876803
84477090
67365344
69790946
63806462
70297774
65217298
75163526
58277141
86856923
65029875
81067849
68247549
71971779
84515310
72742767
67155276
61584273
58694047
61843534
61099085
82077099
82553353
69338613
66690815
70445207
75586881
120652666
85092074
75202403
80967434
57410768
70876616
61884230
66143167
83846219
69198191
74931894
68930071
75754072
71907942
69433043
82737303
73210926
71714364
62630709
71500441
83117894
77531414
81445055
61749075
71206354
68176553
71570303
66933489
83414646
70417655
78999965
85580147
63228062
71948982
73220468
74243208
79004909
77595650
65581331
62736672
120104770
75016079
59524668
70198533
70601299
67983889
61145452
74433931
61623549
80375155
61965067
87212264
68586807
74989786
274255903
64013375
68676279
73235145
62749406
123625467
65766081
71727200
76817549
201254842
72106909
86766223
63263143
65405573
59297693
88257267
91745826
80208667
66142871
80864346
64171252
78954763
77963753
76156835
102195437
71704596
166688106
80918895
85844030
67809791
71217722
74265631
66223951
62664757
61417961
87088555
81012883
64732939
68313428
155030940
84520379
65659076
75898963
70056908
67405014
75157388
62196023
106459953
67127895
72051945
96044783
78028192
81070884
74056457
67314189
64730110
77560316
75639792
72133256
63982980
63567065
73033898
86794069
61682936
58549329
82228509
77887648
65976027
71120507
67916890
74636914
59070168
79147113
64453693
81735858
71171645
66588942
68902914
67698716
74765269
71852548
68947749
164037575
78067886
75401606
63935017
82077019
74303530
74886640
118380071
78650847
71176364
68905882
72540790
76940181
216988503
77193738
59306165
96931461
68284199
70335712
62184434
61627019
61755528
62897026
63707621
66014791
64867020
71107019
70274851
69246116
71601717
85675875
84611430
71353780
74700960
59488402
67493448
70130797
77163946
76365129
63028406
71994692
95549313
68940842
68071022
79302480
79758448
77125802
68458321
67827711
82700876
82328446
76141480
68014350
87658973
80982380
81274614
78187270
62953425
68865595
67484507
104703145
66890711
75522055
79984125
63450608
78245177
63867048
71778748
73112563
76637853
61471508
69734750
77179043
80082533
68703394
74463335
69714387
74924942
70494953
86509601
86715251
72246705
73051117
81977738
94307014
73905447
84117731
78317171
76202883
108550173
65884395
64259738
70227292
69228522
76797795
61503357
77752038
70390210
81456204
62692505
64363788
67501527
77034134
69138836
61898340
67225013
71268688
57898844
72169225
57246639
65097695
71506152
71565855
62020943
64484367
80668314
65317035
71037107
77954040
62517245
74684654
69297835
96184473
65056204
65422574
71007613
71001386
78000741
100555794
56376646
77366576
89126810
77656680
65527961
76952657
66025651
85742841
58922554
70760005
59315367
69882541
74575361
75089385
67721522
72036624
70613506
77373377
86644476
86746528
61642293
61230418
58731274
75513856
66723729
77532100
63246271
73979400
69555737
67416432
67546492
76744785
58774615
67438858
74139430
73413549
78968081
83765287
78805552
72308515
72723805
72008144
70202464
60640886
74717576
104272633
68590612
78210793
63545715
67748782
75945024
66993914
82576959
81771876
73353662
59853303
81469393
61852569
70484102
60159799
77465753
68363478
63391576
76760373
68546215
63428664
79155645
58077360
87220521
65339530
72282233
61148157
82049428
110095544
74324154
66055244
75610521
73385989
62912371
74334834
69231385
83604907
58438531
68867616
60441356
62493408
70974074
85689197
76868773
78450185
69457671
77280910
80303563
72417656
79459925
69744642
67543735
73040729
97916502
76971204
71097648
118567051
61821865
79799802
73488166
73600121
74755309
93134449
70428586
65593483
62219093
75482572
88942343
83562133
82247007
67474206
74281490
79415331
77312866
96980243
90698877
72134797
69743645
80171419
69921755
85352694
87624943
81164688
64247545
67582511
67539523
70448782
71344301
72361290
63022516
85556507
88203757
80315502
88075359
60729771
78571040
73768632
66399252
68251417
59259441
63040830
73870881
79961201
85733638
73709007
63594265
65036689
