925521989
830545151
1000683817
492022722
673162887
275841332
376781247
418376035
226555643
538438099
533101559
343732419
374041865
314972002
286236907
481671140
405297332
497414469
351081738
548785169
382715362
430627416
599736061
504387084
530630558
430124709
495820956
671692280
440802142
452903880
816797001
377828040
520839488
715020734
473519645
571360843
491467879
587645420
935642029
365949328
415139768
521251675
271625175
669664903
565167076
729492081
1647542700
554754826
1629558709
472571652
467752571
506680607
430888885
269785488
346252226
606327638
437739762
560573821
271177155
446874471
377148945
614215016
351467180
288696194
454019628
371459066
356344516
327777646
415166275
1435602254
369834937
561524500
418852966
355684367
261667048
332603331
517598954
370395355
545532483
392246798
373419707
1698753419
522256668
457703382
555568007
430881392
141721052
596201784
427709347
278464533
285399596
739799076
389994329
1248279812
399698445
540458450
627614905
208449166
403738675
727783084
334867018
591041315
433549077
415578955
404205461
437348589
1441389997
673156378
324791820
331165177
397207772
291949977
222004662
418672238
240386118
395152324
465908183
554700592
481805867
676280032
447618271
274983555
633921399
614956875
545450690
606869487
470068093
813224139
542342361
470393623
557045433
378523950
269905581
522032362
474153509
554961055
357971042
606037281
323112796
629768624
342544481
351089679
342352235
431548857
291643526
504421162
364434322
274025293
573048594
2974401244
319490278
337246139
422364856
391554603
281631011
212559906
297906765
133957021
274681210
211183365
116519786
123360170
522051834
314386296
434449366
695645208
538591979
207788047
215462317
234853048
322427116
195346416
435081996
457493835
517803009
533414119
386317489
412270523
373461740
503762975
226697564
696475365
337314194
394616634
690059097
572063639
311809662
353207309
335064059
371851514
199753324
562475276
208087736
335747605
318438003
328367074
149282548
543414094
326839012
728388376
339760832
340069489
242956378
326985943
320783978
291502198
315304501
119234515
188198718
249269457
197547192
123451787
383971705
310641203
329386650
263907410
508450210
543645452
375125619
642258257
508260983
350528652
910105333
299490332
175400059
153576886
428545374
418734745
296098890
371509387
1017406678
293086090
350206633
130443278
285827299
341188188
209570053
388150442
381654240
285695397
363985947
147542969
294558160
352219109
399759645
267742835
123475675
376564328
218983314
138778284
205720868
390880700
359386964
384279921
390045211
340003284
512037144
177749074
122451287
461286556
485680395
347347462
612618081
302459182
718208881
244486219
471250434
386125766
247090384
460956265
625269515
355788600
539376433
290519352
430845766
995497864
380979853
490157047
370754539
214937047
611000181
203777344
301753756
202066865
135324481
300976730
307715469
415506087
465122440
229067447
238599223
306455130
442768451
838891826
530953875
420790075
406471752
656108332
641016449
463060177
475301280
725839781
572317398
323440566
677312279
409083398
302765799
832284751
555794005
546114451
439234662
309111370
216946559
208456185
241438760
218881693
400763500
601125872
489446486
706443511
303335512
219479463
718571117
163112607
338464740
376624814
238109625
232132534
418261476
253917550
227359929
251550389
353852508
425548714
344990341
285955853
245489042
244850727
237145557
125438851
291247251
289215492
368586980
409960848
215757453
399536423
270792970
216647869
298185286
222870548
364660639
237220673
254368690
156980304
203329392
438406182
376882244
236076511
362746549
375281582
497024907
372840518
762340004
425451712
484884758
403875757
365823744
135509420
411246343
336252024
246521777
225615824
245702542
209252388
233299655
142220396
279904316
272521720
400888027
339390848
173674989
536284265
397461792
644613319
332577782
526040217
388258736
351504580
581398509
383026898
245483855
416049692
207695781
225151538
240346130
325785246
226595716
343330726
302230269
237744643
162871645
360835885
456916736
291126604
465898226
421126295
151051052
294964316
307091495
222726555
394365717
311559184
272034163
224074694
429488231
442575267
145471824
328120368
163221249
146744363
290454777
299637467
348839973
183799748
178157091
232779920
465232335
214124856
408371377
353695927
145106837
229407406
305305279
242969852
279254140
143886870
297752947
228925912
290493578
207731041
362142282
336838288
382748851
253709938
343962843
110097510
268014714
268940526
497237135
371517357
358850358
514800674
128467640
171002784
270495248
359580872
99336478
427513395
452904470
352867491
266341719
371758768
417050408
602594230
443245272
232453066
407513865
266055164
189333059
269689091
436830257
318140641
379144870
149300922
463057743
152615994
195338906
261336892
297998762
206202792
266888858
189282185
265351206
271289008
327005007
395476941
296001568
147983988
229228632
223248496
200220413
139813957
261040424
310629601
282883739
287315286
271340031
180722887
176038325
347116491
229662359
446760663
260373295
302548050
255854209
291773980
126638909
380336298
456800214
376522957
289902259
353992121
112886408
330252937
251545813
305589952
293059319
265666664
187445299
187517749
278734636
247601883
257559204
326097623
202339731
321115695
281888446
346560875
338739181
253644482
140757667
197591713
242211924
292117832
364783543
415431559
273147021
308609531
460015959
90818412
309674113
458754830
182544631
346513083
216894548
249543276
264855826
117417704
357271865
327048417
368212292
296497584
410129631
410418911
278918273
212942657
218818100
187041413
210653654
442476414
422016340
454645214
589558047
537603457
289741282
207097987
496460750
268215155
211555142
158336539
220994927
179062747
206428473
350213037
353357397
152239084
431645725
289957000
437287270
404426917
381066519
168617877
306879537
275244753
237554115
249776804
278187896
207292605
233629173
434456261
572949643
715603099
615276190
367635390
841475693
534360798
411457658
482002348
355992634
411291646
467466972
448231991
539917297
435858852
426109610
404052105
257108025
441904763
281063595
1390951252
229624595
667852535
597297999
326691695
1663966514
529412681
978596789
526306879
299840368
578955192
536472599
113621526
574936491
338357314
333153848
534404977
220788160
250875060
175326639
93331704
383077526
422320354
484610759
435375551
222152186
348996039
172286160
322622960
435667036
397995683
208067821
306330049
539261637
180302240
330183969
286245368
280149552
337710910
264414687
235670471
250193593
339254741
179144640
293130207
224424875
301772471
396326992
343563625
294508686
363086733
343893418
426546023
190986564
135299428
524971512
262703527
483608356
201388292
183082221
152729407
384857471
390216320
427709425
251741454
319395399
309043736
595755397
292218763
174426028
217600918
480673217
368179147
256996638
224423306
206163631
297357984
264388385
276485624
291226312
73642859
247071720
186566594
204759158
333216805
330236180
310374187
173388655
152621523
229106976
241196212
403347453
337964006
163895617
307481629
235681525
581625612
341636043
267928779
252250963
297978530
300448368
234211722
146005949
315157314
350912611
333760229
272995226
348550029
341462908
332335370
236824041
194002272
195085616
284505715
229903921
222749832
228982638
242218401
350704967
312649289
395426199
296856258
410145283
439801773
635356274
622194647
456120995
540912461
327503389
390769822
763672225
334035134
181328536
159511985
279345870
361675996
245262270
276802888
297472136
290864695
258992835
304202176
219445905
206328358
176593655
304522417
310608714
329683166
239538008
189388054
351766124
303176988
196926888
381603979
153877431
204192141
401795014
321184198
287249421
543952523
240913000
273182027
358388016
325809089
231703108
228616435
387954092
99789895
257302246
338056944
264032126
342966897
209779712
314406153
266068804
365117274
282284578
309245973
137508121
370690786
372347352
286642096
234757203
198886204
336103201
523978009
279519584
604950409
223383240
610849351
414671782
353873104
362234696
251619458
835893315
577760325
492159822
670835681
245686776
805111670
640407611
561709476
551694078
436305517
791986301
432166446
419305786
620064194
467455732
383526933
250737401
320439578
164493280
229661330
236901700
346168359
308148944
333405548
195856838
447763194
245704288
375354568
483381215
239550668
297258496
270943190
301016558
477799825
640164651
312083076
224118541
172418139
279757373
231356404
233394447
270718910
367285430
168874472
171699313
215741766
356962847
360998871
313020529
537372468
237392179
410081549
270973907
174144136
384206172
558774437
143133421
260298256
299909720
351305314
322652095
246519895
198057578
336685796
310098649
218755202
390914897
417230280
165770076
190944290
259422441
258233048
260405484
359311321
357662023
238785321
345922074
269845960
259073064
221516406
294602812
295826806
306372570
289243627
197313917
267547370
236638649
357584721
295261400
363325718
432694939
99182339
451524253
416377804
336892496
169332430
218732361
160600516
196134972
309104568
284002636
214365608
357920304
232554485
206738107
305034283
212218727
124799032
222017038
263110385
408363207
319444770
279821019
272606764
376847714
94592604
383319704
219870016
322049897
265466846
293774515
203549432
195481566
96916045
267438252
389776519
181540058
578416355
358266212
290691787
635960047
127999401
519208750
96003400
318986762
168825044
213361030
347707851
217705218
292861276
320605324
410012746
249192140
455454377
428338617
221472066
269928757
237299230
249459855
346567193
216133958
369311136
283361656
324091273
137202888
373707579
169375753
430409801
656681581
338168931
349497345
457828628
192182572
189287834
248873173
304762525
382769090
466967226
348877424
285252316
265214496
285370525
185365239
129866727
409254715
321225845
378732683
321910184
217724909
142223238
322626252
164919374
412538491
510822889
336734968
251298412
219202573
137365778
202485447
229672302
206187213
264589747
201307490
294514541
320566071
296674210
238525366
289361500
249423825
190758915
321594423
247632618
303989048
260409245
297898328
337608074
320844760
275404275
372556930
174480840
196850899
273432652
304607174
278632382
236571066
179615113
304803764
190628211
351181677
335994943
346210034
182423997
224976554
301566085
239120895
272612601
235140551
234721448
175277598
359556216
266619932
101613642
336917227
236623202
350903371
162608007
403253889
385830487
160566593
308482002
144825045
271402473
273629942
316179586
349146814
341491095
221014030
246140827
201915063
292047353
299346809
223667647
253423953
328404241
135514702
334386178
613543140
414155497
167739448
274194074
172580224
152645364
295930994
336326018
281067027
232497266
354065951
299556584
368281426
254371694
353765510
381767256
261502810
336103995
245853998
295086708
110082160
193323610
201548863
306902245
298020261
296907808
406417910
351388865
289832266
348740220
402039795
280083117
164584844
335934737
155994818
366321738
325613368
191640107
189161176
304866349
184026642
203305627
342706757
277906078
247334234
254131778
335655049
177881273
181918314
200173312
190603271
109514518
270441278
258290979
349893168
382864769
255494851
349273888
333947157
184459055
124086864
182657995
310430076
428176885
461182443
386219506
154028612
397673054
304653618
247254828
445134335
268298751
344464965
218697248
204692169
198609327
225973724
202642489
283358874
123054777
324819860
308680449
138353847
269654556
161579829
373119913
571272773
549623317
370382104
243361615
209233488
256289973
205065411
176740650
162371839
186280070
321496911
294811159
248939799
214865472
260446453
213817324
214912875
320761053
282192882
306769161
213054536
261513174
304906445
307285534
201486489
422084420
198459298
305693050
265065884
187716628
323209907
328794613
239698831
246901669
357693733
297858245
263196085
351746562
305671143
154948112
260992500
259885881
217048905
301977600
397429554
285214831
311881725
334827357
202994783
185099617
351211988
348573858
275251139
314677039
289482115
221464447
195150998
336092904
254106478
128391068
337062159
133002487
173452576
283865431
269390040
311152151
110379633
331329456
373818781
311167449
225732409
350536327
227953905
185170832
358721134
359095811
354543563
264439468
382664813
299371755
255842914
221980442
239668359
377501185
337214950
276863534
151163284
225890337
292868657
196281209
367883786
183482227
319409082
286608848
229351658
239482059
380626447
480636851
403392076
378831881
221822188
152020785
133339462
198214095
370104947
391418656
426310325
383920904
176080258
235414601
318776568
343559454
309206949
318751615
209080681
180939419
289876614
196025883
342285938
301386346
199364200
212624268
238348964
237934654
247404088
361278825
288225981
347943910
477242829
443655708
264408967
128768933
141242247
159228790
179732260
219486463
197416821
110643984
202379993
204807738
216210679
218569421
167267738
161852471
300489102
200530693
314326002
218779194
183642414
266704272
379589255
397179140
291969623
298402788
131124115
137587788
213791437
196786586
217673770
76915678
116106278
218311810
200402331
128495597
126790492
142796885
154431322
123847038
101563256
143008669
110433818
109150294
139411763
103215283
102052598
142344026
89199761
82963889
105162804
1330319059
881985536
809609194
546204102
1658925880
759144412
297273455
471622092
425204138
460555018
697636341
447356743
456935129
2533992164
299701034
518273108
479126813
501643400
446074267
306817041
525944813
332876904
619403999
328106164
536394861
366050300
896061987
488572717
477328561
340820160
333184072
683982573
461605116
293475191
412390069
210965398
493641101
544448583
554920227
368935429
463419921
385649626
372633030
645855224
433634777
312335518
349764749
249555737
1059828288
510617773
375381240
586980477
442280916
418653961
483520160
427529710
912446663
353410231
499130105
409277378
415921422
459319004
362590269
649971025
1456450723
347444286
326635039
439680153
500000570
1013463763
283065391
522809467
659468991
362813270
408222510
531148118
433720603
267890464
587015858
451815946
393542529
536346120
694690966
342865433
278648390
461351751
486085742
591373457
586243777
506643941
427074949
931805550
314193438
412779919
393505601
441516640
350310296
248296654
434092382
474576479
308658528
236207522
446458892
238563729
337850983
438556544
361608070
306951415
369394687
566603485
415381148
417886440
307008571
346741971
737584278
348014494
529513123
501723831
609128702
484803216
326260138
146334418
391713752
256263250
363237046
139765908
438048662
571130222
509516508
191686557
261621490
214555704
372564474
292251984
267465303
196836468
215981809
426056427
306709696
237080196
464594498
439496716
354952747
419416938
429137315
563803632
297937895
352248826
319869742
550301773
372395174
425764806
431449103
251032377
336933462
355824989
202709508
327627407
389117152
157323304
130483166
334985525
559333615
584227925
442981078
494924874
195322484
459318504
318424994
388207174
230039292
474760602
515021448
584788944
414125035
248148678
894108339
541006969
720216959
460420495
1165770310
389338045
805448914
755340450
538203066
527713394
451965184
452553521
722901100
506412371
490448490
398998986
1006292748
642843591
514416991
563609406
1825000667
578132310
471352662
514329461
317572460
1695958935
680589535
810834086
240535301
659659360
4133715647
504830360
1169454615
863634053
543038185
454502614
231394760
618401853
354168866
550212376
429070630
885567148
767096096
460826789
339197179
1006616525
769955787
631682514
266242985
427674106
428249446
407378702
349328747
431675578
131623811
349629534
425498406
456480212
285245426
523754650
299136242
306359632
696923377
359766662
483782719
244799017
691682486
620588209
761586278
601784407
374425800
607864795
450665611
309458309
250061392
2213179002
374153195
845971765
621240144
343963680
473650143
145728506
216437636
161933259
341160317
480202906
415704686
556370579
324439567
216722745
231908266
167436853
243093617
333197492
408515505
459766633
360139175
191688264
196435136
403564723
428535280
266574634
266182807
393444387
445557715
312889982
447759561
507572914
364678921
1331890679
401326333
1267698402
483899057
541894392
744132504
366503690
422556022
379790629
345086358
347729613
425173449
571624979
784472120
379377635
466913236
422351421
214815865
336027887
560208990
333464604
269211074
183908514
417746130
498444464
330351430
271354429
119768860
283739757
260238941
214261629
334408828
419770942
493975627
440114194
757337002
482597454
229677786
202861855
189315731
294249589
240903680
193585891
362083652
251159400
341660672
489947904
532971108
341585020
467807170
245969789
273090864
202193003
122443443
200457922
309228474
268926567
322189771
418235365
255872552
284359492
266169960
216576889
303492920
260973155
340430915
455585071
445859348
556087930
378473029
351990524
247229392
212029130
318207940
233483108
439892454
118353965
429359258
280381985
157321692
140227084
149306982
146545633
192967206
297362459
152740535
219880727
192967410
313107657
293329823
365573560
259185079
247100559
397913801
327242851
120504836
324761067
283516265
308410008
331761956
348190738
336008598
332248011
376291882
202434512
305243597
235093787
196141722
255263441
286001296
301471585
223767870
302543260
272037782
150725899
274785396
286233310
457622365
109835770
490234276
448491083
210128500
200436456
280447632
140376180
439608788
505683688
384821473
366520156
282804822
127798124
281989643
348611202
336366194
317208421
364730081
244359156
334306690
175402791
263961281
320701571
389959707
348166376
124165409
277024491
189322422
302820732
307887369
368435959
374256132
119376397
293855095
190402484
237936696
185324114
523667387
119771217
293582447
430696748
380544525
90695619
212777276
207061678
394869819
439320181
315849837
294239815
92257511
245438268
185380962
386117972
322535671
395799174
234685533
393264896
363252652
284526581
437013645
412193619
282838075
714733884
260828814
256043148
298043019
293120319
274620038
405743277
368777388
166247609
163266146
170232302
218739997
103510953
263600508
224977623
101760258
295846632
217426767
298873184
330417662
204543380
221007036
204320059
297187321
321651856
231276251
186097543
246764290
217528974
292850172
325133770
288708107
361879089
348763623
435456838
169059860
438492247
283173479
274350358
236144111
330478809
283103985
248611463
245527439
281138742
113679099
265739005
256952052
261348618
341419534
295088420
282442075
261268908
167914555
277267273
338577932
298324363
328736815
287906022
296725805
336072700
317290583
361850449
305583598
109279485
246507746
239073536
224267268
265428945
86359119
329464912
315093824
492659329
206851229
596156048
211069140
379274744
338973848
276851106
169373190
517605548
256301478
326456014
316099064
146019851
462873692
305178858
285456326
358398413
266633546
244311693
153470985
153464602
290647334
348507804
74738245
328834166
360236776
268405252
438763941
221709342
302938311
241850368
167331839
321098703
385847983
413401902
302502494
374159205
210469000
296847351
305051341
431351383
329280255
435619778
166583345
274290231
299388362
283907947
288653376
257362795
263134050
149051069
194945248
186735164
508674796
457483849
493448486
372291926
241319385
305048430
267692616
292109265
211962307
275641213
366301729
241245164
254678656
245953090
388459126
349328822
188489915
446616811
250762831
217952243
514947633
403020934
223426457
402175182
206944441
367927937
370022575
345145131
514617625
148078382
434142017
384036980
276165310
128132296
324672771
215721867
319657786
219240145
267646161
384617466
377477218
454438761
195682949
254243393
313921780
363700026
964838702
567035736
580946226
407503270
277587885
387085914
133441371
335450484
293966936
327269430
331763631
369612519
333531287
313453283
373737397
223197781
367344379
136099845
385649941
343820890
387049273
280130213
432890316
351998724
354141827
642297718
266188466
536223323
388791892
366838974
207306085
318962791
387106129
371881357
309989992
316017997
509440182
345154032
216134077
332122148
274004141
199754382
327057725
266511918
340459781
437748879
219971841
169417843
244230447
185633571
326540950
342869478
262586413
199189976
188987745
222371078
126898893
343951402
349066830
369431726
153575374
240202948
221910878
249059719
267875853
362397193
383706934
212484551
378376143
156297534
171328912
343231109
266294458
226977198
182462542
215571282
306370504
321127504
396881868
221942174
253894050
444917628
236298155
273605616
194594051
283847325
222674149
198948717
261950484
228277018
334196858
386086923
169765601
367136502
417501113
290345677
118103308
336234336
140433138
121167748
600899527
490392000
243298554
259785203
192370144
272162088
317963798
351936287
110982188
362409768
260539987
407777338
250956493
299456394
262332759
307144196
322092661
275779644
211865383
275167545
385875722
186688804
222856104
313957548
259000912
261324710
314244284
240099409
220877573
412959999
387893114
369537644
438936870
248481935
271987577
264242226
378648290
312324146
194761894
300825511
223706581
101672073
242409806
283743647
338206284
289147357
261055243
349432128
326653849
303223725
403848640
507177584
452264530
461985668
348842355
587502489
395618390
463718793
1209555985
399326911
456176449
280204177
314055122
298689970
339901757
185030176
394655747
224295031
366257961
415400900
423638164
116656584
340631051
590867932
116538440
407936026
553146242
403700354
119833754
399046552
259959049
333205032
209095798
374429409
130767477
278938222
399435514
187803604
260480401
245404528
196952756
280472247
338413855
211804545
349737953
399313395
247927731
283612554
367951240
464071721
380531407
300279548
457563432
249304459
279912047
583949802
402442177
387995040
434467442
334615829
247678935
527191933
379197114
455991614
377299197
443567518
773247651
1058105687
747992263
417497888
562290670
567515320
363910765
237491746
157981224
272458461
303595782
346176269
324039327
72972121
239203355
175560264
320855284
406870719
367340456
270785049
216606209
197651074
268525998
300798206
362176728
231935061
236244765
398023556
426817577
194969152
182101737
222748899
280361013
289144919
252838495
204864012
280087249
129291106
241770415
347984013
184020524
536439094
511330322
369325143
386532662
227154822
309595632
237287948
142059761
237724393
302770561
299494483
347013958
382086312
424971870
184658601
276111944
207629499
265120492
256321306
154355064
382867098
617705856
138528872
434819053
394096614
422301292
158537333
343092612
204991424
289583831
283147946
246008400
200797951
219245500
308877710
214323807
370290913
147721143
337040841
351243113
551571587
561828018
74693416
222422892
175663376
308322622
360913823
260258520
325163928
257207772
234990781
367143134
331119200
328645773
241523375
451706033
200688921
296479057
329299787
300516295
326085279
206701816
130396025
215791503
296653095
139392513
431772939
398866984
172069212
520017963
562121886
334189312
377765000
211611625
223132835
367681955
367353917
244705776
468489341
314602314
334984648
208121056
305557191
176075825
454761212
405481755
385642519
324723290
193055722
158141516
243998866
332051969
354195463
405733796
325463153
353832212
235626551
134351734
295038370
259213834
201639991
370123922
363413188
342897183
213201791
421126193
335609798
247315057
317611473
192584234
175903367
268836515
285483194
246213762
389067282
274814527
377467863
218895154
374812789
307770354
178557568
201451727
216533686
262231771
273207067
269181000
176433771
302712819
228347436
311919570
367271252
236439791
193021113
281027552
288365753
242390164
308135077
226618573
175008932
337152549
232946417
220521419
118569254
233631560
309030476
414168579
448563870
262033777
377970975
201552856
151453065
152638889
261693009
238082686
276613798
322794489
325705216
136613327
264870038
147920329
262571421
229510628
262284442
206381177
366688388
440918867
231084944
419372384
373919694
166900473
152760653
181723842
295349924
279608922
289171707
377969641
170691824
212548753
287779347
146929789
312454250
406855507
360358310
271426040
330236569
286962187
349817111
143015872
315540477
130812922
250220942
367823537
327025655
144827083
269866952
299421830
441260681
250550636
196683246
269312946
172467519
375837417
235022030
347045871
289426552
281053568
103271529
205565094
276431224
115909903
108725254
333679684
330787790
300315505
179088433
168874620
216778390
235807322
279871265
114336973
277063052
302211547
344355341
332913944
259381395
318429609
155387354
262052166
326567091
408209603
289117841
415479867
158161506
358875875
272753993
291207955
441346756
274394261
326537606
197274362
323781679
227238001
158076954
284760976
283940278
319865458
209844482
271948200
151234502
216723727
553801052
552275666
530132544
426432098
396344571
252549952
186384269
229601369
256140440
228709600
180106911
223990184
267442565
329094818
296042301
251519730
251369965
240608195
184743534
300635446
263475765
217102066
208121147
294822578
433981021
385651461
351405211
185657362
358265270
264242171
333695162
228606610
340230444
211283406
408669495
331246058
263244482
239383582
276245019
302933034
398803784
378166097
134005580
259923405
231744199
248053308
285483165
288319057
306289812
217624599
259025670
117571801
231227075
307948358
312187841
309684009
316359241
228598354
219910315
224678533
265960844
287510837
284571259
307849156
232825356
380815015
219795483
247798845
182597253
272676689
338428156
296380662
264077734
365808463
126392399
119011685
165282533
200510825
430122721
310254914
413863681
304563710
278193341
271454164
177593868
343997237
328763633
211394478
173432805
159449048
227659326
315787294
358621835
309535355
250190821
227926331
231455431
284027127
637190582
606747496
551386529
356653488
680251558
99280858
200302553
132236745
227830016
299661307
409919624
275617318
384045707
96824992
297817003
289845790
293646605
306857643
291111527
225489536
213032038
310432529
241799878
143435433
332461868
229409917
275226803
262514463
236703897
133956195
271633652
141691246
132413165
309329123
432907957
149788442
240159623
127507513
184619026
219282301
214649941
176061553
186272124
202258425
231622359
223825016
211062775
253373974
281030353
289152007
251408323
211959993
214308808
249386334
76287966
325676296
289632703
315193316
210019183
117028257
157305384
225364118
221228986
112323954
85754420
164758583
192690780
109342510
141189712
121355027
159523774
147730093
106175405
124772604
107427588
133353351
145665981
125721802
91960212
131950870
116532481
93693570
237223799
75165553
