1006745888
574638541
1071461983
1188677094
1586034053
262600032
359961098
636614416
366990997
500831601
545482065
817752126
433689385
667451117
695182228
351211874
585129824
593444558
978237494
541357447
791831875
372560928
573136254
784576387
575790334
635549141
620391128
731344181
530184433
398811787
506435222
1022685438
684062992
523729254
722602073
789184949
1395344365
425011353
355777513
435042979
277146152
1202102377
543403119
574307650
1551562401
566977408
350849845
546009413
343785800
347132140
406846174
386038015
339543603
642653040
510375214
582493542
1887771237
439278737
239134271
306988831
414766994
470615504
876692035
559062002
363455466
1359715741
1912604090
769478677
533277194
463649772
804855302
622124939
364731947
390855781
370866179
514423122
762988693
469098962
458566349
446361021
1173791587
599719776
1859705232
608184480
426634274
713568254
723211418
475304807
353573622
538576448
389304214
1098896202
495044775
1017301296
571159383
555701372
454424765
883646887
520153306
611098918
433318747
477076939
488550383
401511098
430719524
237827745
632267372
610518338
583667804
1071704923
570751902
718763098
521249193
513253794
607186869
919845222
529747517
597002907
379451518
363699174
313300961
334862461
333331227
1304569937
420356119
377085023
341083078
245315871
301381410
327283795
178110895
497794083
211051578
659640673
549354292
687823599
559520226
687880893
509173379
733922369
584430987
896169018
652456866
707435942
511708344
685769377
445027877
1075329638
607578293
1012456346
824372908
495622213
792312822
856443444
791711900
675467024
641231144
625852895
801900369
674222961
687101875
731544533
616228869
1044039139
637954294
496809917
583344324
1046874287
1297393057
925988407
2090929811
743811176
774553817
6578056786
1058242831
779542521
865599745
1093203941
548551289
710576106
640836919
1054747922
426060370
435724735
385303179
336424207
236824133
205684761
244413565
244079803
127550752
289338437
339029096
225638414
72298768
143455177
153559606
73778462
175082486
142169942
198477543
180549402
115874412
148367185
326418683
414008938
254166766
516971255
313828968
360511090
346348127
317501993
266162855
655501877
391446994
351517985
734356500
764893995
526778739
714944053
340295118
560064133
910666825
506157490
640389054
925311394
1627376830
2149065788
674809779
816643461
755985610
860652214
674344984
386225928
669311604
714822542
681445669
484917989
1026654983
758481413
1031967078
922859841
810538029
893332826
753855777
703305046
3786355152
692652613
661488187
581670313
583117837
637224511
507296936
434329606
334765079
581510856
498377227
819391423
842996729
978688873
883896194
544000705
776247939
533187101
480695190
466214352
532371695
499840783
579641747
610625596
520848441
877041817
946554207
768528489
1020692282
479027788
688073025
835063736
1101997299
614851113
723714539
683625246
1001417428
448248430
494008374
331068735
373443014
351221476
459999120
503076324
311326935
249060173
243166877
138422533
371394604
292885139
260367323
209297232
262400332
272005515
252819588
78368553
109102908
245341205
252554484
242546672
206909281
95104868
94485672
77596101
218454104
241840456
238152931
246383849
126003677
435799528
535852462
781942681
697878485
817969770
915604849
709732909
555019583
657278086
1404424938
534095749
1585101184
754894901
472823047
538847063
522379932
420999799
385978415
345327043
402491590
485865760
499998149
490862904
437820364
448058387
510703042
498736559
434540758
558581170
460167702
504658038
528607239
450024604
531230209
462294707
402156777
723071728
579873729
579446686
934297085
693104706
825008676
802454135
676471925
894960628
829847973
695172154
530120561
1086931026
638935254
1428680487
952717312
590129329
869335145
497826092
637415545
511282386
472925086
436113580
317705896
279811128
276489284
257872987
292157001
129606996
189697948
310779672
445817109
213702398
412800706
927286817
231707897
455898273
534132401
566739757
607900664
690729507
1027616584
736892843
802469793
751751101
643586248
1896513410
698052100
614869189
554999551
467633795
422969209
378877125
345324779
384112545
263315153
337291365
489985384
558540087
431719931
536982272
488825933
361193163
208511989
112952268
100223024
135739924
115621782
89258646
88714707
132803474
216227444
202771262
220475624
194618786
189629221
248261022
216364188
175418603
79628725
73971842
88046457
92626545
95381410
121009760
70342529
156282807
153620110
87975171
77668204
105617668
93187274
69942481
80656303
107728262
67060009
82349425
80191945
91163284
113237514
68524820
142339874
120857178
122310119
120409092
78470209
90360462
109665060
66893696
238859434
378342776
197129784
306542257
197628044
138553450
114422924
105987663
398922471
425491961
407934869
367432664
416877095
176717029
257221243
306102700
302971219
208915019
228684279
87980719
96752623
81405125
71767338
134900346
105424551
88652166
91342751
78227705
88009676
73701922
69339539
63137792
71896605
71077363
122575680
182876571
174650373
117432474
105234661
98572147
84112881
77493929
80412134
76424419
80708616
71053962
75600699
145698297
104455943
84689043
72087206
182650159
164192121
227184637
222688112
167762070
146814386
149455360
85024280
69118195
92640706
95573020
73772084
103616327
73098899
71803744
61014924
80402901
75823664
117129882
163477100
305254307
296908426
452137845
449189195
438095030
385747853
396789146
372132221
233459432
142060384
58095420
159440384
154498057
168788906
71541530
71271077
138137890
260476079
264536622
306523017
347128653
229835616
222787646
177359460
79661807
225977489
240712739
332157150
446370369
454390105
424309710
389324293
418367492
363070104
775716499
603431904
732514704
575195062
680598166
738365674
823246739
836166371
750193140
834830461
969615616
937279428
571365122
880749621
685567604
498713668
473966490
430426168
439321828
362062473
330894380
517163046
654376613
594723231
636190099
902417348
676563761
939554885
935670927
627308999
797293452
1166908366
841466765
1086075539
987381501
383478594
779622361
2032830197
917328594
478913951
614090131
675521935
490186899
755491603
502689701
738720605
2224610023
1030303377
731151800
795576124
596459089
673410508
1039536497
992697380
406988301
323726159
318848768
324122214
324467446
360942966
309883481
303586939
348713909
468480336
519228388
612698456
686873477
656009156
694617794
756900428
637300488
788737754
623521877
1318912453
599399797
563862072
717036422
454914123
329288150
316777673
350284143
329947908
439378185
501602341
516913339
544410090
646455931
826462887
647831505
575977726
474573980
746407738
539861637
582458428
606208041
1179009638
823481924
1155640980
1090942024
791312113
657279694
1707146094
753684775
799954318
597956265
619311425
1231985332
826348768
827828166
938414458
1234603002
1444588684
1169830539
1497818510
729847200
832641081
481867900
1661676207
503660935
642126920
543902849
478171975
473216178
370219871
130257844
135260828
188012868
232972361
233195428
212168704
250040273
225849494
172888988
85183872
137883964
250891292
283845601
259349926
256341717
158867847
134693409
164447577
134673804
73769907
93646123
149210058
165421943
178785812
123798067
84464113
153349032
192217367
226738496
202625386
130796508
70260731
77581461
181440895
149610980
114161397
77039323
142692421
119892102
149834223
83155970
152788040
161729981
99716920
166512290
193714679
213056583
240288685
195542614
148083157
84057649
124114748
103723376
141855653
154296206
107703499
74157406
111623762
144459097
120136412
72262910
125217558
221880950
246350872
316292224
297914316
241974100
170882998
215703445
323915042
436614994
561016370
441167563
436072332
619808052
439904369
501822000
533738873
497208692
502311125
387595406
501885753
970644091
434448519
403434919
640041229
567527163
459802745
800821300
594060223
672260068
891796822
853085721
597200085
981021892
773731399
539440727
414571314
847080166
263558686
223088765
280389551
288714181
294848267
279120478
146620947
161431479
240811535
286797423
293414793
251486008
267122154
145041563
188936956
294473860
333102601
340523763
340652014
217238364
309965046
321532943
324191435
329210713
282801014
326094207
333845924
336749377
243171391
67864362
125801447
180746174
195175599
201458188
265019062
280753550
175882860
186093757
179769927
188288556
188916303
229093737
397652405
400185019
219858058
225806776
140013463
141100624
172619411
206872459
211088511
85043632
251129928
284078463
290259376
273310824
332291623
283548330
262009519
348986059
288220948
389310521
266078850
293643273
290066430
640357713
579929486
668978618
551880370
523845665
705082705
955720096
861281734
649677936
754172026
690972332
720479845
400020581
692787237
911729943
878424393
493219775
511943092
442682977
875053373
759056452
512673612
719599214
713335604
462340253
746434919
984377268
471346871
361789810
411030656
434903078
371991938
390596699
341369134
295683922
262366214
374173312
352982058
395310419
423658264
448312961
433462748
482504554
345990952
455313685
464592708
424284776
429830087
381377324
464573584
487987782
504285389
467084984
569494483
480229238
515520030
477420881
554902115
515732636
514468976
510710375
547417280
500373050
454237905
439170798
426033680
339258705
399075823
310474145
382814631
318543840
405472766
340682674
305531870
339326812
567688896
481733321
523013951
513317285
743827132
541548831
491330353
503419691
472409533
604832887
417732436
425475073
394512769
341747477
363668184
373003502
348040334
318188332
242971311
255180055
384524180
404574929
366033883
426047274
399657034
470484312
479530702
457065711
439493895
454772520
402281755
355294875
345887588
424077947
247659374
454264793
269672755
596780755
182116758
415765546
499247597
515641840
388122614
63943995
214064164
244636764
251003028
212582972
269604309
503412510
510009672
531838148
389908779
377526134
388894274
352334009
313018744
329734541
327317356
309632580
205949127
136384125
171222120
267990222
246960273
227491078
217844161
165912106
307006566
303943781
291530000
253988074
214062037
184065770
216474235
250055479
287294885
238239067
197876264
177602851
87824027
127370623
149662440
144916012
69696322
59882878
67745267
70940651
75526793
117350620
117840597
64359081
147001091
135488240
141298321
154886500
128351874
107985977
76083378
83958813
62226818
104468273
71017634
142472936
211719897
212919102
222371298
203721922
107400756
160879681
158924713
130562426
91335532
150306220
167444656
157307462
139357620
126392519
181211574
268918494
361351187
350540383
257966105
294422778
348897972
543769213
549025725
538039830
684240618
514583090
484436343
434935440
510853877
399442572
346526287
404198909
377037870
376590014
352860147
344363191
286503560
170447998
158024731
183058064
246683506
227956631
196507376
153842553
112139171
97471279
192382157
195872395
237886256
206306082
199265100
207530655
172517190
145627363
136935004
174459786
205420570
199229108
181959164
138072284
183405783
206042430
213917241
156905065
180836686
241761581
237673508
213771500
108283768
148169737
180503279
184996538
178108824
137521339
110759440
74632653
66165592
61391955
81583962
181466431
195554106
141980906
146261704
139885921
144973557
192878300
262410795
234711453
215172138
163308545
161642196
188884236
164944348
153584986
132553370
185146374
208649550
195988745
192611431
74292710
94358067
154202133
194615045
166578721
132083399
62421338
132781556
174066400
157727226
146410540
506215512
503753293
484404612
619099320
516842308
460233130
472602184
547313975
472163281
387647731
447254057
366714025
279045172
274961972
339689753
369566819
347374971
413765828
395145571
452526499
372286882
388787860
371592363
382045179
326853374
357416289
269583920
309461644
381733548
392996713
378461330
410693055
365536435
389916873
463789033
432622398
413004890
414533986
457776417
405605540
386136740
467925633
375889299
430343808
392161042
391538811
384130581
314478781
314713745
205161844
298825518
182479770
148497801
189581556
195092088
138739163
243847974
256876579
294421201
270822356
242354728
106204451
200232337
273434392
268152456
271916027
266077516
186836334
248730178
236084468
297596429
325965294
309165729
279886722
334109964
345659448
316981488
306921656
289935306
312525458
282475796
315276806
263367000
266476700
271959179
333189515
314134988
341280315
323260345
307954502
382984703
391391588
376717775
379483473
322205334
378789455
407951772
314341686
346670409
355404133
360327305
384120969
731458033
603428843
816419157
693349755
982961146
530427468
978092098
531006296
313556197
328490677
331153261
462896788
441476583
506927351
561660698
373749917
420140644
423428661
383259969
475800921
424791555
456788913
430262202
408136263
452912672
387793143
377700404
298403404
254016296
481204162
372619509
345890733
277778664
252998688
125140008
211057028
200834537
170266671
119128492
108232286
205797682
210160431
190634197
145840783
245894317
203956222
305983549
197987575
199744933
244935029
223213370
153069382
108732979
164629568
167040727
114100498
94882523
89426839
61180729
67582140
58132489
56873556
72489365
75008061
59886106
69220291
65542145
69148147
64011771
70394780
68590132
105284989
104626751
68939574
69116117
72538586
62505841
71794752
64566222
66891781
77646643
1238084280
272385659
802119382
697718065
1725213168
1107213399
316611463
348560205
415979520
381508465
707143829
768413615
401923988
456449202
489162618
499664928
485738304
383453687
513181938
494594773
419521446
395535323
385167187
234312557
361920782
405923277
253573642
366982625
1089558517
366594817
410582140
240462969
600353713
1057567117
386745007
294311624
698222036
143630919
509458713
224552153
247627081
366432769
338261149
239075041
196018396
387826673
1661029964
625913148
1708024587
426468869
567611012
207070797
471108061
202094286
391873337
528370409
988461396
277530610
341905203
590565357
383823348
289232905
403951713
272143561
234343662
400866214
170536286
399528858
1400399546
160015429
1280793090
330852917
267451663
229911792
196459007
334229114
510251883
267510029
320798065
351510732
312251564
351705367
251402444
369525357
270975434
2367236382
384692572
207946473
270456386
232377732
322378043
255459507
240689109
237413744
307242160
256212619
514086892
396292322
1731219486
353402693
432690641
430348106
286434935
376680152
1321638349
549445527
461588106
341761445
589256726
266948383
368996915
644505536
337604530
328321517
363347508
467380031
708153158
1270844177
482710293
653445698
486163142
553060669
783475004
1534686796
531578137
611112808
836351691
444337318
624448838
593997919
423121467
909638993
445484498
543623219
323848744
597833904
476997602
314824479
357693605
308267134
349237247
290905227
238882750
198453506
224572753
191873239
441657402
351520450
225240560
228134167
281330122
264820536
182594291
158032382
247233246
198737433
209881920
160145077
186065227
181678543
153001533
193584027
193498191
245630068
169656486
190615350
136443598
112122882
98405625
72228966
68041880
77028624
97091655
213471824
152462776
161919640
232286840
108089321
184040735
153121449
163147684
230791451
313478860
330229995
403311728
354536008
602463900
807334520
503206639
1523473042
666968180
507019819
460143663
496112031
746184598
1436573991
731922086
508160672
2032137193
743335705
707768782
365359867
505927868
589204760
394080421
343102006
428509760
1324910389
2299301557
452657509
434755039
324047672
647749767
426745671
445461354
464240945
617857202
330002847
358206838
638949088
462043018
282543012
376107875
297584645
132232520
191918077
198315617
58509094
56603035
63649826
63183699
76474877
303069481
103956124
63254889
187133374
163914365
185672605
116880849
216221853
212149300
265314025
226277117
137190720
235810041
68590200
100138512
144754692
102374184
66715094
64632854
68811568
76830549
83439218
112671966
134236305
94212809
196739499
340402118
380721580
139172271
419024497
82467196
66706053
56548591
126797402
74426944
98317677
116302151
156842934
186392534
105752980
155673646
131182815
101183268
106967880
56057038
75045519
66618331
249314270
224270210
211654221
79129865
79595588
72297757
132672480
379128766
374784858
539729186
354702478
470803562
356667651
751067533
401740211
390495465
547499413
654713794
386967088
366976570
339235891
396511642
315746360
442783773
449479605
473711695
411012454
408435902
324244927
304228978
314888755
332489704
369326117
325195680
272837740
464205552
412638847
442163982
383886231
429234540
178030898
264959829
175101722
349695004
95048487
105814494
66950074
64358931
78014064
165941503
212679537
123270726
75611583
68794300
78203357
152258404
172838248
212363841
174852623
169010188
161946550
104912255
140158869
151218449
73306895
138605134
141974241
106782432
100063180
85713607
72327957
98353159
77767178
119752704
137998235
156489107
131938427
153369026
64586262
59603022
80685072
67612478
79026421
161464039
220751353
66977430
71461999
85048777
73733200
86980523
103858738
61438441
64884333
111913067
126901688
350584094
471963218
420023380
608840302
545084807
510529526
836081535
660528022
603768434
748247609
478441318
556263957
626164200
236037722
262157089
86478091
199165648
235757709
231576589
128028854
95354132
100872515
57021764
66657497
66922194
71039651
67579086
88070602
104233204
304680247
224561837
178842164
125347381
132251922
248998500
214850392
305658821
666537625
513443759
758383811
438111824
374383420
376040352
347164305
245783440
356771589
289940505
258477470
303847501
246833797
626724264
561930211
541533742
1023021456
1102960887
647865509
697165170
621166463
1171922605
603398629
748663006
1058828423
784162560
763469997
712858055
615371649
835622380
809668820
899649796
616670388
637406808
909576994
1123835681
499796699
886150944
818384087
563455327
1264031104
956515488
521791145
718065507
790934797
436512116
1202326333
713020605
1005175464
574706506
659004900
656659989
1842632514
609391523
511449159
437961802
518345447
396968150
449787272
471622517
544813308
634506495
629444906
688391417
795937339
573107644
625907215
803739638
727663376
679246041
824022062
1029654079
889053473
639158643
1095977681
786530335
529056180
959870417
697328613
1507946397
784618371
776054337
681178878
1014908093
931056254
942726973
853258548
836816310
1381435953
983512277
479740910
1366491217
1071370131
907295196
787138808
926682416
1234154254
698889931
817756358
716333704
855124976
779009994
683889540
749248034
974423697
989400775
935513900
823402115
1022305963
805597743
1198861895
874328057
1005671327
600455199
803935473
489070444
591593342
366013758
322359317
233794845
261959630
275231749
237212844
268482161
442572653
467140609
532567425
766832978
424747490
534566015
446978843
464024602
441538838
436580924
462221917
317410952
435073140
545844752
531870377
515764076
298364557
276921075
220900806
241857426
257917969
327512152
310732871
290154447
251391081
191388854
183217146
174807112
153561932
95137422
63064133
89693234
115288252
159109449
151851530
105454706
125539511
255414510
144796633
134361814
260329389
195155616
94510203
177739731
160330573
79749840
73673238
71799580
185423735
196006314
228459307
261833835
179296063
192269104
168082082
223692164
153444527
65643470
108130695
142098475
162460843
159253831
205196823
176446523
105907565
188873507
160096297
109244024
156689294
216370766
167075889
247419435
233656505
205325341
201738059
172165217
157796795
143830445
140091050
109134786
80823554
68870728
61140833
84455502
76298714
65928049
193082921
187482085
172835362
162281429
109352664
184100899
169285199
180480396
269547843
216438684
250564875
184031791
127308095
99331926
115684303
123321356
96734194
61397140
145620521
243965875
82159071
76634205
87772258
111215312
87669991
75964799
183250976
210425526
179400326
200713821
64634500
111169201
113815193
61167028
87172597
78842875
128620513
109923197
87830254
130968183
128083197
97497732
55602645
73967999
67020346
60379094
65579081
66797815
72757235
210245672
191111553
149065614
115668148
103686260
80937938
78249399
71511638
61945510
107480487
140402589
114399535
83317839
61704422
97074584
211364283
206431141
255995521
67554316
222289111
229177860
412327027
401000168
429480302
359384051
362309282
286060577
281558143
274297909
320249778
461786349
424667014
557943472
472921975
365864328
393077241
369742123
333834153
360445639
316271083
328934954
285970548
280880888
312800343
364542620
359570059
394274347
445325870
399613623
449255803
375592938
349090336
500945413
427760959
470042992
479119659
463438548
465285896
434613162
391337835
322051407
349667990
413477786
407633784
495764486
486775955
484356175
541575810
423202007
452081607
394811973
507425194
394411095
437963677
456560683
498957190
343920686
411592541
455615282
640372772
592383716
480252446
800439462
472619411
450336177
349161544
362587795
277220885
368156434
397456307
494956654
370050995
522408590
456236067
331335262
434566253
267671065
396108369
311359824
395790586
302102737
273065604
550689474
1346406889
466021953
250444359
257491017
209569018
165609379
157625642
101890009
80835195
83568859
99316045
59148397
154197752
284555239
78445620
71851421
69871650
178467267
217595425
197303326
200778680
164861931
156175263
117858541
122624829
182027536
208911008
224695839
113845285
242858720
282360034
285004230
292406651
128496563
253971610
257023922
271879348
262461968
98126306
288546593
294954712
296199407
298631634
209396601
165367550
176443418
150971589
218796512
280710539
285960632
295664179
124566303
173686989
224004304
247449167
187681212
196479790
176457395
131945447
146562017
244666205
351525171
415337894
274996466
288867651
144867908
130386915
195996448
208057207
222013993
168700790
245660313
188608423
250355815
250555787
245260609
245249268
190669567
219664137
194357690
207978772
199829033
205744036
164385839
177561137
151008516
116781352
150522278
199666935
327414374
266800329
63462348
76711831
60750875
65691045
123726044
126598127
87294163
97482324
85124688
56124546
114358925
171139354
195668236
135922041
76197409
67517590
66067227
68133134
202428381
219813445
214407486
181968523
148316348
124033041
120609327
129484420
127321840
106741861
116980896
118832333
110861691
187834052
156884847
142633115
122471852
158488003
156774677
136832032
131402623
76504792
92018886
126948176
167105115
126321390
96914458
86691258
73986029
57640723
140887674
144428868
94208911
94096618
116102043
62886506
95698512
159859008
127377053
155929899
152858659
114550811
184208436
223197618
283662616
398827782
471711438
505407266
451397606
422478609
328408129
169078023
200554557
227129796
160503949
83052211
70528023
68129340
67510334
111496934
162767706
197031428
213602727
149911085
85503609
84073271
109746794
186183751
208033858
206572552
140301160
109185154
63159419
178014623
177920368
161754685
482419582
467066327
569210272
576855985
680458205
400305328
425100887
362558839
506659831
1016696405
483044312
436767236
171934773
238906135
232716885
234075162
263876936
248917013
238576033
259265755
228479685
187126355
234784081
211262415
210701904
107087822
290222560
314816025
304824103
258921993
150429009
244733897
220638956
274728657
255190290
202288857
120342850
196112490
352378759
332687720
430039294
375462828
316180024
219944773
478449126
486635838
413762897
533469215
772038005
734873462
673356157
743054238
596042025
1112177126
712416744
1472352753
930511956
653605111
699569206
602233436
1095698337
619167519
603717377
1106812390
627788888
740285364
647156093
483947300
1138240952
388417269
444521097
332259803
342370591
353946967
358506787
387739226
419853668
362742980
280604917
343068420
315027246
323419282
356729032
306376501
327307174
327812085
253450678
344550434
295234537
349275720
307704842
206837945
207323847
121708284
204726543
244288662
219464023
198485198
157651791
62186241
87693170
88336539
52818072
70834048
74475960
83725188
130756835
200082408
461847336
501879721
423857069
379273432
503002798
712037516
661895050
438499819
498265967
335749034
307044297
246594430
250054168
297789230
316485528
360276497
312004784
266946063
365155516
370436249
323426834
369601791
335653632
366704499
319530343
391399580
288089298
383489390
421794671
403776119
312352841
259070667
294425787
297436616
441001249
404417542
489091501
390860549
419011699
385955733
347397495
329222151
338644317
383684388
451052922
425100871
363647830
417707486
361015047
334023838
357567667
408003596
405018084
434938859
386794166
388597000
346866981
370718569
298084539
260849226
369051099
400615929
416631997
415329544
401692577
376091154
383314111
362717304
360621176
383757120
336664141
419267020
348189616
351488133
383076263
301057050
345351063
277656991
276477736
239707229
172737975
97923740
119285567
78528083
90922716
107170611
156712400
111532001
60968938
77406529
122798857
216546430
187424532
235754506
144398722
168323591
170115654
166025399
105321222
204803499
238662026
217141727
134376359
93497960
233132085
272396433
256429392
212148876
168177824
92422236
146722226
184784346
189049638
172401421
83048539
90153836
107264780
94826953
118884374
94343533
81909132
121365914
449455131
359241771
279041665
470220276
296860041
331284540
200232937
329940621
263349500
267346452
288597635
303126210
265297389
293410689
184344398
155874975
178788199
305387827
339353804
311830575
271536979
214958169
235050045
230331866
267990291
222864031
196605307
196388095
220253058
216994649
181601890
80253104
189352224
251620225
219275721
209248267
145105370
139029655
207972085
248211083
222016012
239787637
88139736
161095430
186047126
180084001
148274868
117739044
150172347
132308127
76537563
142984715
161191531
141605870
100811504
125223586
153747735
129987939
167736938
154942703
103372033
117520984
142244744
81143159
57363677
58009774
140990578
224764198
249383064
216430918
109097995
119029508
129984802
83597446
62915871
66903745
56155651
69304531
70200659
91077058
64145311
68785089
185906260
153007126
114071451
295938563
303431295
314293252
205337796
230659191
238447768
291324345
295539279
254897010
150554833
236396651
235459101
220217799
144823038
63212023
118686067
134511346
67917874
68702299
89484499
82625749
186421907
142875261
273180927
219558486
147908747
93437367
133547871
113278013
65759565
64911873
66260377
84731869
67032447
77226832
58337283
69560312
80137480
65078983
62815971
78928573
68409681
65616314
76460280
79764258
67364977
59859508
60958899
103433954
66821560
184186546
69695877
