2329741600
2130485235
2535896717
2655201122
2657961719
263597111
360918629
677107842
372603124
501969831
546481195
819165537
469850765
668598163
696345536
352049688
586119090
594456355
980574922
562376150
792868373
373436352
574069090
785602362
576667287
636274679
621196454
731983343
531316952
401003606
507322509
1176467348
684986141
524589811
724494543
790312690
1418329054
428624044
356633141
436250211
277957780
1203780216
553026562
575152559
1593046642
567783729
351573187
546815907
352380934
347856014
408029567
386772159
340364489
652875000
511215210
583417054
1987479583
441078610
239938186
308019685
417828419
471706978
888477760
559905585
364068560
1364462071
2006059270
793306981
544641821
465134107
829220757
623314273
365460708
392156328
379962357
515268290
764233886
482060370
465612524
447024118
1176778104
600344772
1949580071
608898037
427514673
714513055
724218448
476116339
354282485
573430560
390094055
1111355015
495691340
1024781585
579824856
556672596
455229519
884482921
526689405
612380843
433987317
477562370
489383082
402247682
431707199
238557242
633001881
611388773
584817767
1089213438
576125523
733766615
524881856
513887171
607988123
921315978
530324908
597829346
380171266
364446296
313923968
336506473
334130927
1344486792
421192298
377657539
341782518
247700159
302111582
328120946
178748291
498498673
211671803
663454326
549935508
688402235
560115459
688499431
509730071
757454432
585436435
897035193
653070051
708080444
512508891
686728333
445717168
1086479863
608144730
1014143685
825182570
496208186
792925298
857090697
792448777
676218174
641806125
626456750
802554821
675176171
688559314
732237557
616790401
1045640155
638515476
497392754
583938384
1048271690
1317296853
927081444
2193861547
744542069
775194300
6824834010
1058891525
780159643
866060071
1093705765
549087787
711185141
642051991
1073674164
426625531
436131370
386230888
336905621
237517791
206366720
245148485
244803530
128141676
290011562
339745613
226523913
72797075
143957888
159558860
74636086
233715089
142726964
199009698
181185222
116539410
148873222
327346046
421630115
255011849
517695524
314354189
365504575
347143609
318065753
266721018
664353800
392511878
352051100
735641700
766479468
528158328
716062017
340784846
560985371
912226906
507073700
640981372
925796636
1658213772
2194749752
675301537
831593970
756485268
861529373
674908525
386681737
670020606
715156303
682018023
485702256
1027192115
758964695
1032472774
923519894
811500249
893935692
760201934
710352978
3914559322
693064563
661830362
582301894
583679210
637639195
507994831
434688700
335090663
582182094
499065474
820068926
843613276
979485313
884344645
544825285
785054680
533650976
481222485
466629591
532883606
500285364
634829931
611498232
521769686
877637221
946921140
768918815
1021184097
479519491
688750408
836113370
1131454683
615184731
724014493
683925395
1003530840
453390989
494927785
331472851
374021334
351592758
461200214
503404468
311914419
260134473
243518053
138901929
371886505
293192728
260916668
209746237
262867694
272313117
253254000
78922170
109504170
245798564
253393164
242836935
207205584
95602153
94988506
78154554
218877899
242994295
238594215
253506108
126442471
436638364
536292303
782424834
698533991
818461223
916196502
710105449
556047496
657691221
1482917192
534623855
1760210735
755674115
473270902
539235061
523315239
421442967
386402848
345845534
402949216
486503132
500437798
492076108
438323521
448525289
511353142
500061841
435095270
560259875
460712070
505060365
528936149
450796364
531623404
462689294
402454318
723512819
580239886
579864516
944285177
693647270
825737403
803033478
676772225
895398247
830306374
695909268
530586048
1087999701
639390087
1697670209
953496864
590539507
869729274
498282844
637751458
514861797
474029693
436497896
318189262
280206617
276764065
258599517
292399993
130041316
190121792
311259762
446506102
214180766
413331981
1023899582
232145223
456298908
534473765
567140434
608312487
691152781
1028278218
737257781
802737399
752207770
644142839
1933169225
698549572
615469759
555421160
468350609
423317432
379217264
345967251
384516608
263601722
337728641
490812804
559237641
432219666
537256236
489500563
364017482
208933151
113412926
100600712
136166424
115915740
91700532
89866479
133210239
216688585
203272139
220851415
195073146
190084853
248802181
216840057
175719057
80103046
75103480
88469209
93050305
99031160
121472584
70845462
157542849
153972983
88408635
78144648
106107228
93588004
70506585
81073636
108162297
67471929
83641953
80939905
91742680
113990109
69642081
143068316
121150390
123146406
120912732
78892210
90857420
110438640
67364390
239292446
393924936
197556864
334622296
198169233
140529751
115058071
106492132
399342205
420635383
425861594
367909484
417734863
177179937
257848485
306605502
303415422
209309290
229569276
88424372
97177856
81836657
72298268
135856054
105861244
89122153
92392255
78767219
88512204
78694545
69793963
63563090
72327942
71520945
123034084
183416607
174996053
117888003
105669523
99016890
84557066
78605023
81036872
76841076
81122847
71629040
76101095
147724241
104839427
86184364
73042690
183711215
164646169
231384996
222973937
168128221
147446074
149753612
85461371
69530059
93102349
96027506
74184161
104885595
73497225
72208214
61423862
81008371
76388435
119708280
163850945
305682753
297178585
452517999
459680690
438521036
386174347
397744785
372414801
233894126
142462104
58459953
159854227
154919203
171429865
71924191
71682841
138994172
260901411
264857640
307188620
357551277
230243273
223203266
178953363
80102134
226574040
241447743
332639705
463890312
455472463
424591908
389693622
418685507
363377426
776591619
603751781
732831743
576138609
680971803
738682475
824593980
836535259
750621542
835238785
970097115
938168794
571713787
881529247
686383497
499275467
474441971
430854451
447616851
362455823
331172967
517649836
654815332
595141307
636611895
903221915
676940265
940028783
936287299
627953669
797734600
1167482866
841801109
1086447919
990947074
383899542
779977600
2043105848
918235788
503798646
614491063
675936321
490582391
772467055
503040664
739108792
2254952311
1030692633
731454670
795839841
596729711
673686019
1040134947
407231099
1000432106
324130971
320800596
324516158
324829617
361497777
310323937
304077596
349092819
469239788
519673887
613248420
687573572
656411480
695091844
757319209
637731373
790433351
623941615
1443300004
599835095
564530145
717394456
455361005
329622930
317131717
350602694
330824646
463522218
502198197
517297395
544798097
646838063
826811911
648129373
576286585
474912084
746791536
540576120
582815158
606583936
1179734676
823939693
1156335339
1091301822
791611989
657524976
1708680787
754093398
800538162
598351182
619943910
1232446175
826623787
828206971
938797082
1235235760
1445421505
1171068221
1498507471
730121871
833226099
482538657
1869643173
506415228
642436644
544300398
478626528
473669699
370482787
130657208
135681208
188376482
233321547
233448588
227351540
250447847
226097561
173153931
85554839
138226067
251292318
284144151
259868078
256596167
159174413
135163252
164832414
135042360
74177629
95035291
149636689
165772022
182116934
124137199
84751352
153720721
192684065
227378739
203369722
131123904
70760792
77945301
181789875
149943161
114533979
77395835
143168245
120275533
150301303
84780991
153166619
162397373
100137025
166935073
194089575
213452897
240595893
195941709
148312654
87489715
124683253
104070942
142227856
157528877
108048721
74528155
111967027
144796143
122768327
72605181
137245244
226566950
246719011
316653105
298278390
242355522
171444014
216126516
324300599
437038551
561426764
441554620
437216030
620405264
440498720
502158801
534071391
504331688
502725857
388054118
502231815
975820556
434842412
403809056
649474389
568202265
460186864
801205693
594425460
687593590
892275357
853433394
597509765
981366557
774036045
539865288
414924139
847422909
263927459
223471816
280757632
288958726
295147422
279397658
146971002
161758652
241461025
287195547
293646302
251972563
267705137
145301758
189287713
294919564
333384420
340891507
341804995
218047068
310471193
321825921
324493386
329496876
283179364
326429257
334103197
336991687
243741495
68365445
126362456
181339397
195739788
202206429
265322385
296383400
176308897
186346831
180195258
188744148
189141735
229497105
399137043
400474458
220166828
226060452
140351146
141337784
172936755
207167847
211363360
86071353
251454002
284338806
290476129
274014685
332605964
284093950
262277833
349390102
288507128
389663359
266652119
294517757
290718066
640720043
580418433
669547796
552513973
524167391
705553006
956010886
861514017
651381639
754486949
691670336
720924191
400363505
693085217
912050172
878682459
493714390
512249211
443002978
875468003
759512193
512911513
719949372
713741376
462606644
746689418
985062466
471707700
362169865
411408312
435218639
372207321
390893444
341764897
296130023
262758209
374536930
353242983
395961675
424080233
448998484
441593881
482923993
346725559
456053200
464998704
424650519
430160196
381733117
465026729
488345911
504617721
467514650
570130086
480549668
516818704
477762366
555256171
516109794
515605497
511621202
547776757
500735532
454559164
439406857
426436856
339627148
399342203
315218083
383203920
319061122
405725413
341067916
305860849
339718241
568064057
487021624
523538256
514281125
906059195
541940048
491656456
503768510
472867026
605506287
418219310
426073353
394862423
342117290
364000536
373423689
348415443
318585647
243361864
255543145
385264892
404936764
366376214
426380479
400516753
470797011
479893131
457405347
439915703
454988690
402809593
355631863
346224481
424503328
248066184
454941755
270029905
607900108
182476594
416103818
499592766
621514620
408087791
64319076
214423301
245166460
251444909
213047566
270046806
504158707
510386662
532264750
390127443
377864181
389322023
352710389
313354715
330123715
327627590
310020961
206272381
136828893
171582368
268356078
247279549
229883729
218079492
166335196
307448874
304232677
291744950
254262507
214290031
187983892
216747105
250451836
287640550
238612897
198349648
177884369
88187330
127732843
150464210
145171334
70058731
60241320
68136141
71310757
75926303
117692498
118112949
64691962
147439727
138387071
141739888
156349146
128925329
108217345
76432268
84298702
62536160
108709896
71408038
142823501
212119721
213275381
222680604
204071886
107771199
161308214
159513506
130839928
91644256
150810632
167711082
157618499
139626328
126785317
181574635
286134244
361754652
352610644
258552882
294765784
349712745
544148269
549306037
538477477
721297042
514962987
484800846
435654347
527178426
400078317
346836355
404527938
377382254
376945058
353168342
344664848
286809186
170817539
158611544
183357453
247168758
228219993
196861161
154082356
112515305
97859845
192705366
196150839
238310788
206587901
199691491
207874369
172854591
149514735
137324840
174771279
205926776
199488729
182345372
138342012
184099569
206476509
214339887
157194700
181203970
242117059
237893760
214051142
108622696
148568766
180897690
185379406
178507357
137840028
111114616
75053437
66725379
61749169
83459069
181842018
198668882
142306896
146633350
140233233
145387227
193771187
262762123
235079283
215517636
163893392
162674639
189249761
165291780
154167588
132854530
185471409
209222354
196215939
192935193
75075650
94733990
154729866
195113080
167021421
132341069
62777878
133159484
174427660
158054302
146786764
506587955
506579613
484735941
740715638
517434477
460608499
472965208
547778379
472621560
387980019
447566166
367189351
279516930
275324448
340119574
370155449
347763989
414404989
395567890
452963406
372632174
389118258
372033937
382461063
327141301
357739305
270001028
309857085
382098645
394415355
378717961
411059074
365889130
390248780
464519832
432971512
413334472
414892422
458117810
405890008
386468495
468530292
376323588
430569903
392450867
392082979
384479468
315122338
315103566
205541455
299139227
184854135
148803652
196271291
195439827
139160908
244675902
257638587
294802211
271252630
242612101
106639690
200556699
273768329
268502509
272143308
266442125
187202165
249077526
236310789
297968059
326304302
314806973
280593101
334436020
346035699
317371933
307674573
290416057
312907261
282984216
315533615
263649287
266879517
272244951
333642684
314492578
341545814
323938446
308424096
383351041
391648431
376985439
379883352
322553653
379099371
408199737
314687254
347097149
355897357
360727756
384489379
731858004
603709307
816675194
693634196
983218742
530929039
978947660
531435790
313914741
329119485
331534381
463329343
441799190
507717679
562435530
374115639
420725343
423816854
383723591
476150849
425132180
457115915
430577939
408554975
453560405
388141125
378943722
298715676
254518247
481573289
373001362
346176566
278000278
253289867
125506547
211536868
201038688
170502158
119497011
108547383
206332359
210389266
193963655
146304058
246410543
305744761
306355448
198374458
200162704
245179946
223585356
153324079
109070143
164907278
176061835
114444411
95247527
89800099
61531856
67945826
58447640
57221860
73208549
75448405
60211052
69654206
68266025
69491533
64354701
70744596
68925485
105628601
105069589
69646356
69477144
72902291
62886812
75484152
64908403
67236946
78293803
2470270704
3092713807
273630720
2692967888
2873429498
3110785439
317784810
353743493
417204212
382606737
709536606
795867486
409164570
457312123
490023487
500549655
486724607
384232479
521993874
500304685
420385166
396733988
391863504
239379709
363601757
406754727
254374203
367568657
1099405223
375357375
411234364
241482690
601831923
1084158608
387374392
295293090
704815369
144549328
510748124
225333160
257003775
368228253
339261494
239969634
196711048
388529887
1759286556
635869245
1808702302
427439855
569090839
207821569
471877835
203268175
392751127
529379146
991085850
284360264
591438293
346492701
384835085
290279646
406007372
273364496
235427987
416555235
171253303
400391724
1456690249
160811603
1356537843
331623933
268027335
230668143
197138990
335063785
511416071
268289657
321572109
352968605
313409589
352348590
252169818
377795823
271733813
2465564231
385497100
208524673
271246908
233055757
323525749
256106198
241327941
238404825
307914513
257641061
537805521
396873115
1956226554
354132575
442366997
431129946
287066615
377147448
1373370733
550289804
462615633
342357017
612975088
267776742
369661758
646802205
338199267
329144913
364166772
468063470
709515802
1311821265
483515604
655761440
486801889
567771181
809750484
1578703992
532276368
611779565
840811301
445152057
625004599
594976843
423691844
910776089
445883423
544025607
324390712
598299507
477599725
315343565
358152965
312926133
349756456
291371096
242218353
199186654
225068153
192476715
449640836
352546167
225824966
228681960
282025780
265566313
183400667
160904671
247695210
199621106
210412889
161011425
186599240
182516702
153689521
194114046
193956313
246228009
170129857
191177541
138221521
112946040
99090944
72766683
72361229
81362328
97590403
244103375
153842783
162497887
232671458
108619031
184664970
153643212
163643797
231776575
314065296
330660829
404043367
355013850
602991026
808346939
503768422
1876475526
667445027
507688321
461119959
496625370
746735631
1441168600
732314932
508512600
2086872108
754712134
708243066
365737454
506504758
589775536
394598563
343568084
428815915
1326239190
2399645072
452998807
435112300
324537234
648245355
427499570
445939210
464693392
618520318
330476625
360387480
639823310
462666287
283509824
376494786
298194551
132680410
194135798
198803003
59517020
56972254
64248977
63580591
76914559
392478929
104444923
63653830
196612153
164711446
198197639
117340237
216713916
212626897
265977586
226635563
205723389
236887999
69332277
100559028
145265880
103083217
67202093
65077291
69257393
77766552
83852300
115079824
134988409
94900340
197800868
340817578
381590106
139665088
445370295
82921321
67118300
59548782
129550079
74905318
98770826
116761482
157241283
186765538
106058620
156625980
131666316
103297332
107729320
56468744
75479658
67237065
271643511
224602856
211915146
79582442
79984660
72644145
133376053
379653162
375325058
543550729
355093927
471253484
357205201
771900449
402201359
390937179
551061903
674095310
387435460
367240792
339535892
396840708
316626980
443265297
449854548
473990474
413293303
409282895
324864235
304657596
315331419
332797386
369735203
325608206
284606896
464998202
413059390
442482167
384178808
437601855
178752290
265569919
175486244
350333439
95451769
106243237
67543281
64842380
80195439
180955222
213117514
123813015
76109876
69256559
79025624
152754040
173140014
212758044
175189712
169401353
162233808
105344128
141413894
151655930
73718090
139041156
142384580
107077369
100853232
86316337
73166455
100715994
78194867
120157007
138311920
157085336
132347362
153784836
64962743
60123895
81101312
68012968
79681241
161928950
229265882
67520539
71798497
85939412
74359141
87351592
104278342
62377615
65352297
112491448
127752360
351147468
472380150
420475521
609264227
552809710
510898537
836704727
660931761
604082285
754297736
479007365
556615236
626465671
236316310
262711167
86858138
199594006
236465566
231831614
128412762
95798800
101410116
57411219
67006215
67556430
71536504
67986894
88479916
104930722
315396927
224825841
179141599
129348870
132715794
249696408
215323398
306581653
679861027
526860041
801522172
438547671
374680992
376429518
347537441
246187683
357112239
290382016
258772336
304315524
247221450
627064692
562331087
541893883
1023692205
1103709076
648189202
697604973
621534001
1172588270
603681333
748940596
1059609970
784660959
763887571
713136331
616182431
836018815
809956271
900095222
617136898
637785935
910544092
1124400103
500170482
887242047
819022759
563820459
1265444717
956975948
522200039
718528152
791440574
436940056
1202937399
713484625
1006031498
575117270
659389133
657087249
1868970904
609897412
511877716
438346237
518854745
397385749
450226915
472295751
545151657
634753903
629839599
688754734
796246458
573416255
626255951
804383076
741248416
679666104
824490333
1030217384
890036585
639517009
1096693507
786790969
529339084
960334587
697733530
1509157435
785003106
778215461
681640129
1015452827
931498183
943117072
853547465
840646412
1382287220
986276023
480266874
1367430839
1071890803
907783203
787505260
927201842
1234525280
699283710
818217442
716714819
855812468
779622520
684628478
749666221
974975003
989895515
935827739
823808505
1023168401
805918148
1199381640
874731949
1006394621
600805601
804269877
489458808
592655353
366387725
322651171
234151195
262294365
275623354
237502640
268772474
443082184
467498433
532810842
821688492
425288839
534963156
447451236
464299884
441991401
436919250
463051643
317795746
449220340
546247487
532160100
516121002
298646699
277313869
221273210
242238286
258313731
327887573
310986633
290436228
251731987
191742529
183595552
175160073
153900832
95489328
63430257
90077095
115719208
160860435
152134121
105868910
125950201
256287188
145597076
134784368
274734136
195566896
94925137
189340228
160908025
80226056
74061875
72213005
185845016
196514668
228845853
262216706
179926454
192532054
168692589
224138709
154078423
65937526
108465440
142711093
162865223
159636658
205788582
176731688
106263808
189285701
160491245
109644458
157172197
247183909
167520469
247867643
234003358
205763288
202806022
172530746
158350894
144206995
140366046
111387013
81152732
69161012
61470199
87155415
76832796
66364876
193440710
187721087
174633600
162929898
109677076
184456813
170079966
181136324
269873432
217064095
251016024
184317989
127702399
99689081
116055059
123679568
97038874
61776890
147433201
276971828
82576137
77036533
88305247
111530102
87993111
76366130
183604727
210737286
179650135
200956577
64963107
111490194
114060739
67629692
89914847
79199773
129105041
113438891
88195185
131303772
132395300
97974552
55972473
74419897
67429039
60743051
65911377
67160862
73232182
212160249
191965055
149310185
116035804
104229050
81326746
78595971
71787760
62655639
108759962
140794615
114771523
86793995
62171779
97521864
296994621
275200709
256523899
67937676
222800231
229432667
412666994
401231262
439406848
359716792
362711605
286322000
281787086
274754338
320650770
462589568
425007284
561308150
473282116
366244940
393528512
370050761
334187815
360660019
316600114
329460172
286202964
281401811
313129427
364987654
359938970
394557193
447083085
400013836
449593283
375876470
349403636
501345847
428103213
470516232
479403894
463930116
465639005
437722719
391687163
322283246
350107551
416275585
408011771
498586598
487123484
485272416
542464216
423519959
452391004
395058364
526294773
394923343
438203867
456907752
499212875
344156501
411841490
455964669
640769408
593264835
480577639
821089601
472921457
450690584
349602339
368660266
277592676
368565977
401970192
499404727
370615408
522817091
456502024
331600963
435026580
268078844
396739553
311746227
396558713
302444718
273479053
552084489
1348869720
466556176
250732210
257907446
209878549
166016016
164961150
102526995
81209190
84889421
99732849
59525310
154503697
322939416
78809428
72246649
70205538
178874545
217945815
197525118
201856746
166819047
156510380
119568939
122879127
182379076
209149267
224973936
114153253
243399685
282603590
285213357
292651032
128816317
254282458
257302830
272145158
262715312
98426036
288862657
295242318
296428916
298929063
209605928
165794130
176666953
153752335
219113987
280960162
286163678
295927436
124945755
174714625
224344743
247801164
188026034
196677447
176680434
132406804
147815398
245024063
352984209
416981535
275441377
294258783
145198085
130579917
196348222
208306351
222260216
169396365
245936431
188963805
250986957
250899465
250722813
245604128
190964612
220006865
194725639
208359595
200240293
206109024
164688227
177924328
151381119
117438945
151129293
200067383
327685671
267067167
63792818
77060490
61125558
66082479
124065919
126881666
87654610
97823813
85802334
56443923
114676235
171470742
196013156
136565982
76637718
67898246
66554057
68451900
202795876
220130058
214699196
182225446
148683402
124246886
120986141
129786202
127567890
106993011
117353100
119102356
111469103
188233670
157501198
142963656
123134811
158808030
157077083
137144021
131646693
76922627
92428218
127378957
167424543
126647794
97156916
86986334
78937706
57966315
141197500
144644382
94566273
94448879
116476784
63248923
96089355
160271018
127618771
161922175
153228305
114777483
184539514
223536921
284016990
399200994
472144477
505785215
451723661
422697845
328660440
169400082
200919481
227357758
160717029
83359456
70834930
68542098
67966347
112421050
164486739
197393231
219886689
150092099
85884251
84386164
110074760
186483527
208444626
206803036
147110607
109785789
63416439
178363761
178125616
162230103
482809350
467305213
569543656
577098486
903641431
400653110
425507207
363221494
507085923
1018429940
483380216
437018858
172255523
239973607
233183926
234300047
264657113
249140665
238877258
259491257
228680601
187443939
235019791
211663797
212356933
107382774
303675139
315175355
306809423
259550629
150744239
245224121
220951604
275031739
255397694
202500247
120700990
198078021
352722846
332923882
439080057
375784816
316427601
220257057
478737519
486893304
414281435
533843178
772409003
735855095
673565213
743393285
596472406
1112637448
712653594
1473286630
931074875
653974607
699925006
602531873
1096496996
619500742
604061186
1107373528
628131263
740608808
647470837
484253437
1156558065
388967349
444766434
332485791
342741071
354241104
358910709
388131073
420062355
363034026
280917173
343401961
315248018
323708041
357118265
306690614
327680740
328110032
253678273
344799808
295738713
349555412
308082609
207043826
207608723
121987754
205022431
244565403
219924848
198842887
158596143
62453459
89064537
88579313
53078743
71151646
75091809
84034065
131139659
200420799
462151957
502109308
424088012
379590398
503379648
712272934
662379850
438717253
498487560
336073466
307240759
246828106
250336575
298194476
317344252
360592760
312331900
267296884
365466394
370760168
323763960
369987795
336221040
367283313
319904883
391623569
288320039
383913006
422113038
404137930
312701772
259320393
294660910
297737005
441978002
404740568
496758303
391249753
419311564
386345489
347661406
329533094
338986594
384032764
451316706
425365563
363965040
418469211
361341810
334326621
358021649
412196008
405365210
435301161
387268220
388951846
347235342
371073466
298452836
261244108
369375740
400936851
417160040
415699803
402039660
376460241
383512163
363021719
360903995
384110035
337240737
419542296
348492753
351790568
383429198
301411761
345723397
277997257
276807494
240022918
172994505
98280822
119608346
78906956
91289885
107552386
165476559
112194827
61349030
77807600
123261313
216903629
187765477
236113387
144631729
168677216
171527957
166395924
105624400
205146947
239430095
217355970
134816933
98816953
233475042
272656299
256676417
212453151
168441866
92712121
147037143
185131343
189324069
172587816
83364540
90462154
107687421
104490130
119225693
94611720
82312668
121938070
450078860
359448394
279265617
544371680
297168430
333510070
200480003
330253972
263584684
267685373
288973065
309736776
265532290
293631768
184697375
156164750
179078203
305715973
339648750
312109884
271980794
215317251
235370690
230738273
268309326
223075118
196869760
197029868
220631670
217208126
181836539
80528172
197403313
251945369
219638987
209628470
147266520
139734574
208320852
250336101
222231973
242414196
88486010
161391016
186291793
180339623
148496285
118028049
150470730
132551341
76860865
143368327
161494800
141805538
101062367
125631502
153994398
130392791
168012287
155268642
103613441
120220108
142475740
81689826
57757718
58731044
141302019
225106487
249779594
216804477
109438437
119308903
130233726
83927046
63239911
67221362
56519993
69743452
70566189
91542006
64427226
69147661
187253602
153320275
114342582
297806528
303759430
314852513
206016698
231377655
238719123
291677303
298065637
255351906
150908563
237527961
235761341
220441317
145154161
63543063
119004467
134903653
68261059
69042853
89839205
82970658
186868797
143961041
273856626
219826562
148183265
93779371
133854724
113668741
66204694
65262455
66622986
85723019
67366396
77660431
58658341
69878346
80481712
65416493
63159339
79220759
68745468
66031451
76822394
80300772
67698373
60197689
61307817
107719188
67148979
195093515
70106562
