982201885
684043570
501719880
395780617
519334195
531336086
597336818
275869928
1877998754
288475092
498561174
603112165
615267445
334906345
447047673
395437133
499695790
336969502
256049761
487709839
449758895
503895605
355630712
581981717
389524660
655306649
571530221
1178470376
400891918
577396008
855132842
419337569
300145998
327084097
632354495
524811781
371205035
315735144
725842765
439368865
951228714
350958231
392086479
584646266
569268971
444963824
329774278
215181096
375401802
337339245
239611957
680683488
354616788
672235330
368975986
556480137
284742971
452711578
609826356
327072009
594635235
499423638
331221178
380158207
406722792
254305995
578102483
282061931
517473397
295886024
203030567
256194690
798803634
578680192
427698962
703461682
353850799
604846334
470511129
675827561
322470256
646407074
2236435975
595451272
453335030
359389004
434314810
681989776
319826126
486940817
350784304
670866813
389826739
463421017
452932021
369892871
620978830
207213589
448692871
237715674
394127860
252012451
405587521
326288808
479054604
369668178
354668168
275443184
580452615
439108202
627362347
264682517
510465382
419449958
1082731431
606965559
676308939
439727891
508755451
519802627
127311844
542807612
526621567
372876444
252508967
347858705
218918469
224296607
454704052
326230391
246605235
376625184
203614138
235518816
201331388
481978004
356245021
347803366
366232496
136865317
131187067
568132020
479498919
532289272
398147100
304010972
228758581
323391388
494874195
522447057
337290160
541898292
353240962
318784035
483925709
340044176
263488582
273470505
138517150
398131388
445178519
177710189
455810625
890205634
648859215
279901676
385619302
306073941
228776066
293966723
306727818
270564010
178013780
121441114
404699317
412652956
113287775
245155841
310531367
397268414
166513675
341956225
422769775
243801537
276618105
240051875
381304071
293997826
274140909
352481044
269693749
385370654
208907973
299861857
129726466
375674074
407956455
262946872
149651034
282115411
173499882
285409453
266422696
288313349
220609079
489570159
137805419
353725420
370179565
412044591
283506186
211405927
237351702
221650952
249211784
233177931
191040047
300870564
247286606
199765707
327609935
439819842
665822374
246770893
334019191
637944864
361908483
418789316
436882689
479395241
813553224
403887605
272325206
414545152
495224858
522301552
358211101
320025922
312372202
795138203
473428969
370162569
1964346977
611922694
428485198
993472318
346370960
250585930
215677258
176002064
294021987
300717921
395274887
402376886
368428517
190024091
312375738
366042038
405908070
304762263
196196581
371718569
314578667
766272596
223486144
305589094
305603826
180284907
334930712
332632749
219750876
224027083
155240409
340944805
477163965
392780453
519393941
565053562
362639212
723207296
424335797
348832487
100581333
344441201
412907107
457002665
274157375
264264603
316708727
245238310
141353121
328536084
160065536
254467921
216247284
356957401
357157834
320126875
197085667
196159619
343841119
346758919
301959530
179675037
336157395
279458640
276755267
187803742
200239268
309923102
263495966
388986926
296198815
252425249
311173955
452163589
175941669
442875284
264429064
357575366
116757494
409304564
490917639
119756052
321069937
392866856
201281184
328098755
147604205
254706425
303832448
404969269
200048114
400294043
339521199
319033755
405137321
256029411
311789471
206548879
111686671
360388765
277385657
406098541
351089147
186325974
344771004
183818910
385980444
301763066
301099834
341517689
352285482
407893420
106163422
217583793
378994570
210562829
333041686
389305674
428194681
285602482
209785695
204607702
371493554
289554926
428218120
176043788
116246853
198419703
257196593
259219138
261413909
336649510
252082907
310863318
250959950
196672999
272881886
377872006
452380686
400535023
411487212
333782704
338265215
425254875
305824069
724870965
221419176
182359402
337234749
288739487
380095574
146532685
181551242
348707743
271677663
331181358
315243528
167336944
293032092
222368931
277627865
274430407
363522692
280992731
353435997
345888036
456875922
315867966
449613312
293944324
407531757
385001829
164895194
127526588
288389187
273132259
235311735
375788401
219243106
318249421
294240099
135292191
257873194
260337653
393542764
410911345
397006434
219370098
342860140
289066329
264731107
231569015
272416609
205531676
255730040
164706238
304274086
220689821
198332907
426317895
326346749
344755625
249045952
470216551
355724933
168045069
382574981
391116051
301019760
417463001
347796481
313262452
262141891
204609039
211002207
336115904
192635217
400308552
266237320
449338413
265753407
681262141
287649853
244767719
217648843
199529995
199324477
297768123
267293033
272178124
278365933
213694606
122006942
286824274
340895349
195313508
312635403
200342625
158003096
379902209
312589277
423981809
162623760
394547824
230412275
259773802
208496598
238415749
308419980
204889032
326658130
163097708
361255135
312129575
455134449
464394088
530094631
347957437
488674430
820587852
707746322
490390401
588268447
413484907
355750244
171713440
554526228
943062920
631936870
633824632
330724498
393187659
249309178
762452681
364588014
534300138
1117623038
605868273
431955927
296065279
287687909
574304594
554151756
683025986
157082264
158576383
647664172
651028404
288005750
441667506
189210578
233434859
385199236
333746895
272967634
385412593
122618543
254584008
293518234
225501949
196294298
304561414
307714986
200876782
276280020
203851916
292501291
157712514
389886560
265044069
219543644
286874195
243493361
181579197
207166732
294018564
278335942
157636769
376732473
319374500
206104213
232380463
302487231
219567957
238017360
298904035
248160481
381371342
257887729
150320513
361910238
289882384
276978089
274311531
322668813
376030162
205394522
316745559
225371782
186096360
188262918
234655957
270766968
194698489
194549972
161650149
172053335
249676170
254898540
274695788
281525275
237541206
234961376
254351883
247907674
295009566
209464938
208199724
275433032
307044709
358899748
404548131
323934321
251465272
335685574
237922115
299244388
297337461
376511986
339130633
343505006
394394782
124087157
313641863
146843026
244373226
243815234
303202011
358062472
178965858
306438779
201173587
182411437
183793887
223942882
358124288
358321246
240918212
416363957
451875408
420051065
597885316
357975431
349537565
237868622
1044493541
275366229
360842754
283473343
131755488
209553399
295263038
282860470
342691368
315217889
252047816
302173065
221485624
194091702
244199895
283066869
244406581
240779261
301365306
208213712
309313882
387571587
376849218
309240415
237376306
169304494
219971571
188708136
265953887
251170374
219221351
304726437
297473366
415041821
360785175
392087783
548412108
458754199
608916039
305852400
556929174
264144842
596611821
535643650
209706838
248174656
231004260
252342768
464005361
482147893
233454450
283358948
409436650
332442118
275828634
124655476
232705681
214054671
241614589
260688508
118646308
257856585
304346619
317584092
215187535
385094888
216611913
273673176
123296435
223815071
174587180
208117828
191773221
214322673
215455413
59103139
193622071
280384452
275336428
307546356
142402948
122066595
177909234
196508893
204706804
118245478
138122254
199313262
297486524
322163656
375716093
215147523
182740451
236424565
228395427
130314677
161702127
283350733
345866019
352872483
367929775
319828157
184523479
196975358
304287526
275852828
218364772
245052271
248060364
120210797
124294439
341434840
230867135
350367169
234697965
207858218
373927708
409269866
379744869
489474969
490324021
311833754
347643035
255122061
166915678
204891165
233457030
256594449
178580103
162889697
192679671
203405110
152243651
108295322
102354412
151825608
187568130
338890367
397066233
362690434
628355003
275909162
875549750
485111421
267591825
525080110
239507576
356277791
271738412
342255019
271215942
217259050
154220372
133093542
144978258
218556074
246774498
260734141
133043601
356285393
183731114
481989198
133792680
368140245
363702001
379978851
365721376
308178995
215617392
358726226
266686849
286806091
139839517
102908989
336411102
364919000
380743464
412993555
143279751
231818594
197906505
320641091
290026673
291254425
72599814
207432985
248619990
269731965
277653996
220550776
297813166
379794151
380580049
308536598
210817576
530619617
343767096
388356232
371135209
247013882
372569104
412445836
299492754
656073668
507939309
636180320
608201902
245551074
672027132
161816648
576900376
795249885
240614822
242803783
273604925
381579952
170635836
267985256
178895148
98123822
168440526
187590259
105614810
292923978
296672124
304623527
312394059
298523537
123935004
128032286
229255437
284061447
352362552
403175467
316706022
238729540
366325908
363714091
393900616
314617037
188165355
360397557
241363583
269406125
313859480
255477642
253361300
294412281
294225205
307466412
248045302
325001866
201144291
324809083
373230092
350242847
293274991
183331779
111776705
183143959
245018469
273790971
282037625
193268377
217997339
135653465
215060181
242529341
329073910
371828804
336565929
157803220
190154552
349468563
372470797
223114555
178229139
265171006
133815112
156799458
178867708
216900437
246419168
282745905
188323519
126092624
124006608
177482995
118740130
334706735
297225340
372798405
165970120
166873331
462530640
414593617
388868390
506363138
174729711
160971949
285038780
247273596
120803577
187602798
234463227
352305567
275287218
324256565
225013120
253964203
202839952
166243695
159649899
217913112
293924722
198457997
290950078
215060001
301536026
189302885
418139369
382556195
111011465
556310982
144833382
192255992
214385326
241780095
71381398
278400306
286776247
300237777
322792174
80642989
295278428
299833625
259396820
330697392
190091596
182724870
299589389
382997492
345574282
453804285
242552311
466896910
334090352
324142094
135809661
426878734
468196304
425774022
145284854
168004429
165736800
211189932
244243125
287210416
200948885
259055080
302970779
463031159
361413002
428669450
217836514
198892452
195380215
186780836
196445352
203471022
290772007
305949789
263499360
112614233
140026040
142461089
68776548
107690892
254797616
279228562
245650091
62572386
85911144
246084800
288578871
253181365
339565005
282092189
208101010
251666829
354775191
315437762
412822593
294577280
180992426
162424848
232946468
340043075
279448150
106070222
331181623
354631106
183236883
232379056
410819728
442203615
398558759
277030804
426841278
210739775
262442832
194395228
216394661
126207884
252572105
321033396
420432775
270077203
434413441
229927230
209679056
199105063
139461811
261131010
129182138
316491477
284748151
328224021
295466635
201683025
317840570
242095565
372814270
229116778
357434774
442759081
277735795
171193864
284100183
241221956
166768227
299985456
270180349
200833555
169177821
226540943
258949596
205452391
204820340
308736496
198627521
195091107
240789656
238826768
234029877
384529254
169644218
374702458
234924175
291259755
352287680
298250702
380073839
301765402
201224497
340619578
296820652
306159333
282926023
183968632
85812082
212310788
145146992
272637066
336750530
281126153
205299882
304867481
319101384
307266763
350655971
387509671
122675228
257633023
248600502
362045233
289400866
343557841
184853842
390344461
370904442
248661957
392444486
174301085
194226498
362097117
389095232
161762664
327310866
296968698
225230448
264524376
331513145
170455690
379449016
203862695
349238755
300154730
262236331
318169335
331284545
817222701
301088628
287022808
110200481
223100142
225854995
303190693
274941968
297868689
205562968
270915341
345959892
322125863
275321738
362893484
222408780
279684670
280032745
431705666
456487039
322749517
267034885
266283580
313759183
250102817
263063030
323050526
185207709
226341330
236660931
344674398
287142875
277636015
268397430
196304102
291674030
224752493
225920581
243992718
284589052
216284314
191857208
344714904
322903403
441505953
333199565
217009398
278056363
272089524
303353428
301861975
163885441
300029795
293232420
274596521
288589792
293460676
237099523
274401323
348110278
307556146
330118487
82294892
244912676
167874281
164078623
362416792
322099613
179051844
177699021
308097308
318132578
374356837
343271584
299354857
149290527
106989050
212459929
310882361
205961634
316757827
339691104
123651492
250223268
313711054
260409763
253357349
236159789
210786815
259361634
212257522
206446817
218713930
294993334
276485928
185359416
345052108
550380176
638478348
700121836
386120620
729851983
692580929
321724762
238556778
244753169
214427709
308251219
282902933
390096697
210630849
155520704
430005806
141764712
349831792
335932204
198620615
322020538
130236621
363982442
448856310
394565041
469611697
316381201
310317257
319948603
304310651
296423092
306844096
218197392
122407537
142367032
270821083
267627074
179757501
277009529
250865061
263960613
280473847
268762032
266339504
174309607
264878101
256784118
251382669
256573274
352796795
234303823
255802821
200740303
216016957
115160782
147869200
180645876
214404534
194040458
219571146
190430838
257585192
267675827
201225362
86231366
113350081
156054456
77981439
139744090
108395541
112941809
120288234
96068369
80964789
71839668
98532350
76064171
190475834
71800822
1120403517
1142080796
909215109
583291117
675431398
1493375165
409076650
495874497
680328394
677547893
592628870
392315260
595120989
394414951
577190428
365641641
367776304
519576421
525554677
674555515
375587094
473850636
448142572
751806210
639817540
831687812
521633586
271784683
381788733
593756924
512970030
255264728
499750683
501972914
487539115
573099819
454001226
436418902
439236501
245832564
321933812
465895012
376163992
366286735
1398296306
690636322
678563353
1490794705
497262389
435797276
337622277
687252032
1347508125
500567155
550737498
379279565
494525181
566092357
551669542
436960459
680517313
574212221
416337931
1331769754
589110497
419689372
648009791
409268538
1400859855
608983909
335413937
691793618
497915358
1303696234
367668681
261216452
432166531
469719648
482687442
411414913
366890149
370662394
374858041
470647450
522662776
563588317
540321916
401151977
309842920
236823567
496794807
509533818
537295282
188915861
382832443
419057022
1454795916
855702892
980019657
549627368
314207675
431022607
677949119
440863651
436286390
465007668
548444348
521887057
378145494
368037844
406217054
379705717
624877883
857981082
398225977
366154457
601279974
341308185
384513323
466260007
207365995
429940709
464647181
237078874
475018834
656792855
443421023
871155644
1145100069
235648956
529229576
686595080
331615514
612349178
322520939
567650318
289991821
688116442
706103546
371635521
655630336
548987914
471387819
538507504
521253529
410773814
364807902
280303022
356614040
459680806
559751273
422910612
366629722
777048062
206398198
3551065628
506728502
544702290
382695284
337119175
744003985
499546069
494846410
277562837
341072245
752670627
646756007
399186984
330049254
820208257
397776055
323942742
317399981
539738168
374931311
666063453
763787825
905735640
480039332
1165252718
251533602
687428178
444093540
1344037445
361069275
277545968
739509431
521327422
471649752
295935355
363012848
507142635
448570374
371653446
653891702
406710404
225563884
512851685
314603644
264542434
432143209
406427132
267600617
1166011192
1528425973
500568102
221721256
703773229
289763887
519810407
378734066
3850649183
324446262
699086868
545404091
410727659
447025015
467903069
307214426
550993916
454167279
481591449
742387245
528724838
438881507
340415699
362505759
453108267
525280191
766754379
347129046
392569501
499787069
422415650
520867542
508593659
517797217
298154141
444236282
380597911
527803984
665831357
168303552
315459299
509204127
3144207231
417844269
369699757
222008205
317820970
282604409
221909177
180946013
308689630
354114789
379825278
394975434
361545274
326017513
335575592
383933893
439177004
572679552
218084016
465310516
372414829
355337576
181386494
315424092
243617162
337539035
328342881
355693784
528162029
365357418
446480723
990538797
387707991
434196919
678141355
472272758
336726808
264753404
177465978
397556778
297968166
457471178
212066351
142571743
197169100
291550016
210678657
314965553
277755579
233331247
173527392
161752749
293522219
331308011
283089501
281511842
182675169
246253588
206449017
298454605
229384220
324255952
297088221
259289820
335666637
126735270
364714840
343987489
248550558
118076360
427098916
531636460
332509964
345438835
375496047
352947028
453858594
802284087
1145458660
463885383
445945606
606877259
342793439
485302366
242499597
373782443
242115954
248604726
321846470
308502523
237463078
333064687
369945720
364769923
349384332
255526136
262219820
196008261
257858046
134193554
224325801
321407936
362919204
352359891
266853141
254032061
279276644
199375292
255237206
391417940
260050939
499751800
224389663
328412504
305980751
285229600
416045929
479379982
793585159
534246593
466899373
303282201
381472591
509687327
260386710
172021635
91781104
232824489
180041724
292686626
264057391
347133525
262165016
300516428
320801062
396769044
162786189
378185941
183675925
515253451
338016954
594216446
323000720
199494645
355108983
300827339
113088434
268436421
375248646
407442990
385965806
112627518
178931942
286698120
286560413
311121087
315457254
176862563
161406142
276025583
204763620
301310226
344934409
276035286
346118265
268434736
196355721
130680178
415706959
294107446
386267107
222444295
88711882
162355328
256240433
363782767
127598700
447906461
423242252
218671687
162852304
284246024
324915851
392815259
463775023
574994900
224199797
479860338
418558121
431221993
515901286
367105112
481452125
530640411
361402450
228269132
607190524
505300732
523215870
503767132
319194033
506805191
570402166
467780987
133546116
450718109
316750568
413052504
301010911
195836533
341523474
319762529
164841692
188498688
322124358
360181036
435561070
403354797
305131254
286654858
232738127
672223552
213447311
233853642
235314478
187417336
256349645
279236607
211801241
267863130
304123208
147139991
265743144
262847457
122035783
340368968
242177359
147845507
378683959
412764117
390598915
457096358
239348738
171351414
118429937
279218361
239081850
321828958
304704685
267052897
264871230
205158362
358441511
340583773
341708970
294698560
317633415
283928039
173295378
365576615
294192575
358330696
500400136
392746207
301666408
359919272
409563131
365545745
183133110
499564325
390333641
131177327
296889028
120171662
172953565
448915871
427683047
180640278
326291452
212974245
190613577
262088619
220159856
379546383
106429476
280323177
136090179
323405181
407719299
393885438
336556292
228550045
320759770
425447170
492194284
165686713
384507833
312007925
162736079
298754357
198409158
308636179
104970127
319186334
307145006
385601454
308044529
325507399
216068416
300827537
196685346
238542581
236541662
164692372
285017905
269360620
240619404
235787885
111566145
334150023
284775527
291477822
264647997
202893974
178943704
282203238
347552766
371644078
202156100
156769183
351002885
313747862
361284478
413633300
302078063
305554839
179704948
273255333
214421965
269999415
233790507
303079296
323171258
188561631
178078073
221019110
284354032
241189334
308490709
317591710
124522518
352667554
280901690
206354731
342760408
307752948
140022020
119751914
281991379
316329884
275058175
332040809
130730709
253868138
150061773
244292255
341262902
160405924
328276600
282948380
316245196
329507455
286055280
225584094
204801434
385993377
312752531
324680440
324976769
213251326
314858879
185512543
152210263
339171707
231688285
328876465
361714750
190768504
163883663
468108963
409296752
375740167
408748757
195173903
186443393
441861003
668708552
165723291
252712806
227862788
242705449
248055195
289117080
220037919
286631456
344740698
273897790
184612909
227047328
232940634
255621375
281431808
301280812
124049627
209204388
375508493
418769784
424793228
506065383
278049340
608307793
194772585
296739726
229775295
238095870
235598782
300030756
256926270
279083782
338040368
327024605
286545468
302568203
88208094
378195873
370805775
305522368
449659109
230149237
221802792
255806744
215937386
288265997
319217648
112830324
314819174
238115584
370869019
279692718
158175189
282755945
202189466
236036580
251126742
139783869
148127937
256905826
241484704
281036024
300208213
197093001
210728621
265756721
173900112
198274941
170788799
151596478
139865481
200262088
210815691
79563252
271576996
307383845
291341701
90643063
138354049
116976050
160548348
205483248
133134064
137581005
223604738
135097786
325231709
376309271
372199399
196325780
209963257
229639601
166680425
171932247
255347583
289070945
224786299
305145909
358936334
121482033
225707928
217195909
353280301
357131795
230037751
260185716
256080020
293537847
357190096
224243511
279029232
374590296
223776027
116321002
304161218
151409088
350909429
432726621
262553933
295054178
352579335
118655479
168707727
201808078
209965153
196281239
396697572
172054415
226862447
148142620
166486091
131588499
140044132
131293732
330632530
340206244
390916381
139969393
339046657
119946071
356119974
388602068
318167549
320034450
366534629
217640857
444159216
374527356
247603545
167897862
206338873
157436577
250202940
301329529
271035447
275733462
357440100
489335709
381632355
706202362
553881623
475274626
634669410
256883825
666590119
361455172
578802587
332172790
375370402
195772424
254151027
284068397
343156183
377964390
389009930
416543400
80348727
194170669
211399118
249586600
277052603
193404943
79903974
222288308
216322043
265885882
264482535
189522228
377339127
360157973
328426446
183853840
658966771
483498288
668978608
392628309
366827199
679185811
965614876
230504250
771697905
386816114
162959562
351835615
470583507
319957062
526109940
162690324
217049267
240307191
259273884
302097068
261551651
426290568
223754903
245295866
144654231
127854348
159600754
92673223
96671705
299083842
301130423
240810690
324061784
326177590
110434627
120922917
236174997
329320117
232296110
300865270
455941092
192277861
222054244
340794601
193010187
267833411
421531465
282165334
242161514
257725827
315575034
255533191
167111340
269317808
313378413
358890911
247459856
484102362
327068974
291888655
363180551
214501009
361039793
151574556
194022073
168753441
209919938
230787752
218627941
204565358
247565141
243751208
309351183
335916434
304184833
393248978
80080741
122468485
213498975
220553405
105136736
313407105
227050309
140707096
117011725
176751932
290302847
291937181
298768020
200045450
207182930
124067215
262088083
173403355
365026935
362264524
196915039
158730095
683350071
533916040
525237280
394070926
346102963
503785710
249046693
255913197
235517165
301422929
225848325
116765093
207788896
439306080
263819676
423833502
313690803
193798568
148110243
175918618
270813649
284575494
300286064
228450766
187117557
222680820
324504534
404168741
108958695
377888977
305575722
189752670
71386687
177281272
187735812
196029112
279228588
299207303
275137735
411732696
229442874
277995745
690328326
364593426
351450152
149569037
162386701
217377808
182244842
453954278
346352992
107030351
503844932
351318770
179769404
303307486
337111146
270755153
452073189
140875430
139830496
277840348
285585491
224250374
197295784
278475496
185098324
305007154
283258793
374831466
269226038
402279580
151699621
177206679
172928711
244442877
363573122
217530201
285124173
322295598
236114166
110550855
99215880
136812027
185816868
189397266
245797233
203908767
252887712
78890559
99382821
252653000
234622825
324216975
273882558
359682749
233942044
220691394
224069647
358165108
329826100
308995510
157861020
297148661
97240152
329360583
347107357
326131663
211331158
228977742
280193611
191083650
289886326
422139029
424966681
299432711
269641983
170469784
141347594
217332016
343352082
203069155
342242939
276588519
211233571
432720204
231696195
521049413
220698024
92122757
196728159
209188304
244714348
336890901
202908269
277130754
267900297
210510661
368696945
245946071
378211024
233019647
225530932
309406377
179419700
287108650
136604612
182319090
181299482
216487061
277983367
144836482
150686286
237995855
182591535
245369511
310890520
256695357
173529636
406064367
230160628
340458495
369945965
344542241
241479864
198005978
133124233
135862781
279093742
347538981
214716390
397448212
181759996
116770341
297902778
287168828
261755198
226183884
149368132
147769679
344006116
318325884
155711848
265795541
375313413
258116021
255933912
344938314
362487472
333425320
147943842
142876103
389424501
324462527
335508460
331841116
156990362
247197135
345060452
354891649
304033409
174582540
307866261
338253936
350274627
275772420
271712374
106997410
110248888
252080386
267359953
355214251
394604104
296114882
238341614
278843228
157088092
415169277
402199348
197400415
239527137
277988533
150432883
209300013
305815714
300626935
265447771
287091372
116040419
291077056
223987192
337853468
301159048
303003357
149712464
91657718
302536671
379460526
100371694
323764681
540725942
231792119
124467276
241120508
377597231
456129223
236525420
271429108
260934308
186234281
331532931
170452135
279044874
246991536
202617727
264089020
225963999
300629106
175759720
220004112
440969502
366904911
563592978
286059866
390298390
214199669
241867186
285639620
313612180
287487567
166353286
202424945
273511707
312276489
285735468
143493633
321280860
255848088
326441988
191174888
383663599
252814651
309150892
256845920
299092279
306641343
388897390
138513797
210823709
250348584
322016225
125923277
357395714
310019314
125311079
166191854
310130994
278148714
308160640
320814976
157374526
262354428
217903565
285614691
207286462
250454116
258003211
227758336
256454956
239592566
199678197
188211130
299311506
277580522
319627007
176117731
450788139
167963411
195284058
490945819
693545206
690669095
194568128
94592675
263334670
182799864
299804000
350772460
346206561
188360917
363649386
138279530
235412665
392887842
353058280
314054116
149473507
120049720
339919851
432044552
311789305
137157871
468962348
330881444
291626570
263766047
355816154
223639187
94042484
173091084
218255330
166315154
192527085
312561491
183739553
315884463
277695645
266656059
218988415
278262430
248991152
262963451
213216265
322565265
287781611
200512607
209812139
279185796
200000791
191874887
145175032
195132930
174398944
206316609
182655724
238829220
235718558
232096148
219784840
128290502
194253585
129293592
170940999
103045209
138569111
146612719
100768959
107529848
111852617
63494064
74343360
73955749
67697827
81835196
