1085120984
930691824
1088310203
529841073
709975111
280794319
377950886
420591699
227670141
558161074
534785172
344843523
375021202
315831716
287213916
491625273
406393679
498505589
352243033
549495455
383567319
435901202
600771987
505338374
531583903
431073055
500488480
672780529
441942479
468852210
826049898
378831249
523915232
731645093
480649473
590134917
492388220
588874384
968195397
366818965
416290879
522190853
272639033
670725004
730281281
565863344
1729414926
555523652
1657953499
473371278
475310134
507514250
431614497
275433452
347526259
608413619
438436167
562350768
271958569
447656567
377904707
626900231
352258144
289522984
455188973
372223037
363613143
328622394
425666911
1472325757
370794442
606279685
419612895
356382552
267650010
333398939
523507029
371109286
546433624
392902291
373981908
1814422158
528805872
467785913
556280424
431622538
142442646
597188822
428825723
278963042
286181711
741047215
390614350
1402044367
400516087
541197376
635892216
211476334
404845576
728456232
338359949
591805432
434495798
416240278
405020732
438323315
1481011121
673922262
325214120
339751554
398066260
292659615
222666918
419455169
240938560
396110326
467286391
555480561
482339570
706228188
448907592
275757842
634655718
616770690
546252789
607460442
470705321
814307935
549742552
477894835
563998340
379557433
270408800
522958352
474767557
559631815
358627855
606743567
323756881
630463759
343206927
352965248
342992780
432223763
292294014
510185158
365401038
274655501
573943540
3119272037
320218917
338174567
423108860
392755203
282304613
213230474
298565090
135797400
275341589
216638818
120396604
126185235
522648630
314842304
437071186
705922655
542169819
208379518
216417877
235426249
323368077
197295588
435508308
457901070
518316682
534297495
387007802
412743554
374047677
504385061
231997823
697112705
337867813
395316623
690642243
572709965
312566945
353874809
335717824
372463528
200403016
563134114
208805155
337219819
318945923
328912197
150212414
544029067
341044842
750778738
340532647
340644964
243644792
330590851
322385485
292014015
316042767
119706286
188682047
250236138
198787492
124135973
384488263
311103281
330107046
265263540
508910646
545123966
377386667
643404281
508838741
351777482
962388438
300253707
176348849
154217183
429919892
419521249
296531905
371805817
1119520665
293593288
350713094
130786118
286387413
341636259
214650016
389226062
382042887
286083197
364663205
147957715
296173642
354486770
400393516
268183776
123917404
377050897
220020311
139589198
210193017
393140242
359715655
384836267
390612563
340753076
512797310
178260677
125491151
462332671
486041889
347899305
620166685
303076162
740147943
244966069
474798207
386865459
247544413
461609673
625830527
356290955
539791318
293378004
431719980
1050169788
381466938
491336266
371708359
215412721
613200687
204481740
302182052
203086150
140179378
301401748
308125912
465843654
415883676
229604395
239083818
306862395
445778311
862042227
531406313
421279253
406995485
656707740
641546736
463559416
475916700
726319655
323948337
572611050
678033180
409575336
303311696
832844306
556533452
546725257
439784460
309542558
217339037
209094540
241812047
219373248
404003566
601576156
489992844
709965611
306381030
219813658
728597292
164333962
339011670
376976612
238651263
232604809
418819535
262715688
234484213
252236962
354235328
426048278
345850405
286326459
245951446
245244831
237731085
130329987
291567384
294081534
371343178
410513890
216309736
399984500
271393291
217349089
298634754
223286907
365115971
237596676
254866031
157391572
205367799
438951487
377379627
236616329
363185044
375682132
497673022
373272678
996947703
425893096
485467928
404433333
366282554
135944563
411622432
336754841
246975092
226046659
246347161
209605772
233726349
142483112
289412681
275315103
401208211
339735244
174120382
536793291
397769296
695001008
333204990
526377884
388657338
351771704
626285551
383427608
246041142
416508332
208107529
225415022
240817670
326203262
226966520
343799685
302806155
238343069
163418118
361744379
457328946
291401435
483006426
421448397
151534006
295478369
307496101
223318553
395178246
312094064
272509003
224999307
429748580
467823746
145890901
328422067
163677858
147274586
291528257
299942747
349254807
184244768
178690629
233247225
465679262
214415956
408650808
354389452
145615803
229822007
305638861
243215567
282299675
147111592
298061559
229204146
290966153
208216320
362537406
337249224
383034627
254328552
344363239
110388403
268309687
269300529
498035205
372080630
518543980
359134331
129090911
171558553
271236080
359983984
99725796
427849558
461854044
353520952
266756667
372136794
417464218
641949380
451748099
232943930
407957465
266526962
190458298
270211020
446106978
318703276
379580488
149712416
463929489
152938341
195752399
261604662
298649284
206502109
267282128
189552323
265748581
271768114
329680998
396523643
298375337
148280053
229597121
223583464
200632094
140142957
261739182
310894396
283137099
287686355
271768306
181070446
177674629
347558926
230107655
447026542
260620710
303023341
256214505
292301103
133647417
380899485
460264369
376993718
290275735
354524486
113527636
330753708
252061093
305955350
293355449
265985490
187721478
191265392
279153627
247881820
260704680
326410182
202715751
321496625
282830745
346892060
339202025
253945322
141264188
198010307
246184093
292562313
365168747
427983911
273601563
309006227
460406706
91223721
310202304
459256314
182847773
347347211
218978187
249976416
267391581
117791557
357640439
327796978
368809452
296916755
415679249
410858869
279245613
213212689
219124596
187534277
211297067
443160114
422349558
455001498
589950950
537976995
290038006
207415199
498749490
268595027
211956142
158763710
221980694
179460195
206833223
353262447
353722626
152988765
432077735
290378913
437999215
406222938
383760965
168986480
307281700
275786632
238088329
250246700
278580083
207936625
234203471
434836598
573453565
716232248
616118444
368028291
842070231
534853171
416125464
482431184
356398559
411725545
467815896
448617091
540819975
436292023
426566082
405221663
257524155
442449107
281862352
1403962608
230062213
668207843
598833083
327113660
1716808522
529790505
979408866
526743041
300265258
579387348
536846685
114043678
576848785
339060320
333544485
534715601
221176937
251290736
175738896
93815394
383413279
422710373
485249071
435725422
222648786
349393631
172726836
331875892
436136858
398547975
208704016
306698042
588509360
180705508
330576679
286583239
280542397
339048938
264740797
235963845
250610093
339633774
179542281
293526512
224922788
303344581
396697873
343961185
295471287
363834391
344217318
427344020
191418953
135677977
525435916
263150068
484002772
201785364
183633486
153287390
385259315
390625514
428826738
252113290
320386263
309637816
725156692
292592157
175393729
218407100
481990441
368561733
257562058
224900634
206671767
312458154
264923102
277171711
291605230
73977048
247556969
186984819
205150270
333607127
340255347
310671211
176932988
153098006
229795000
241575571
403904189
338528246
164259559
307886926
236178590
591655137
342040684
268286106
252530511
298470500
301304709
234629026
146447595
316108006
351465245
334230015
348966245
273280986
344552041
332709389
237141977
194372075
195496530
284917711
230283234
223340825
229310234
242771824
351087613
313073429
395814340
297352281
410698157
440212575
636114070
623241315
456503887
541205433
328022774
391086855
765383293
334427319
181699322
162091053
279791248
362031627
245692808
277186708
310458664
291305678
259464255
304543905
219845984
206752961
177048210
304956726
311342509
330046201
240008143
189931438
353670044
304150787
197391721
382035346
154141985
204654835
402065383
330606617
287698627
546552769
241307347
273604073
358877368
326140966
232136423
229127515
388206508
100205437
257793235
338548149
264440958
343701097
210141661
314888824
266408645
365593654
282838911
309731058
137928551
370994045
372687119
286949887
235168723
200123019
336554657
542025454
279901924
605572955
223747077
611386734
354154981
415428919
362630458
252068096
836281322
578196161
492947641
671204568
246165299
805589514
640797302
562111012
552092940
436757832
792395636
432595187
419867296
620684952
467863144
383897901
251196993
320908959
164810815
230261150
237298831
346507564
308399721
333899623
196145635
448216645
246231975
375601748
484607468
239862429
297683567
271333278
301419438
482575361
648929752
312461468
224497830
172831486
283062333
231706116
233771897
271117337
367583493
169265415
172105339
216576027
357520426
361998308
313587741
537598035
237761213
410577843
271455956
174561074
384476937
559108011
143509190
260679844
300252817
351625326
322909494
246821831
198392810
341923937
310469060
219002454
391238301
417461604
166046799
191334389
259823715
258601202
260787167
359730350
358094736
239059766
346305204
270230961
259807022
221933765
294971208
296071482
306770703
289686569
197745593
267938181
237179103
358014962
295693160
363609788
433061031
105498728
452041843
417076456
337276108
169699612
219456772
161083761
197042463
309455045
285696513
214722119
358344044
233647260
207036083
305254975
212665155
125142893
222684870
263415421
408768837
319775898
280190750
272917479
377259100
94952198
383783457
323348569
220099238
265933648
294009094
203968274
195906059
97308967
268233575
390194512
181921691
689150816
358647470
291060110
636271830
128255959
519898184
96475810
319420539
169181171
216058349
348231979
218066834
293485895
320993644
417102025
249570250
455751536
430166945
221860174
270325294
237658220
250172982
346971163
216477645
371378169
283723037
324418443
137533586
374025000
172310151
430748751
761545048
338574100
349904593
458109204
192460957
189738287
249254665
305113992
383126498
518918227
349247671
285496086
265897877
285722163
185720612
130235652
409646960
321594301
379078376
322263052
219165083
142584151
322975641
165183780
412856354
519977963
339955827
251733595
219594657
137646393
202849921
230222473
206485474
264899747
201695118
294848231
320922275
297041502
238909297
289652125
249816404
191136348
322034994
248023895
304238086
262503127
298403018
337990696
321202465
275802425
372779000
174723845
197222043
273784008
304971702
278849893
236807731
180020233
305297768
191028517
351628796
336397750
354433294
182917202
225378198
301851744
239483935
275127263
235428460
235061505
175573898
359961669
266888360
101955399
337354912
236925870
351256021
162984888
403609641
386187961
160939550
308866001
145056976
271768646
273998037
316552199
352041813
348102617
221576069
246471736
202421572
292453521
299726492
224397877
253812264
328749307
135827132
334713070
641193385
414682666
169209570
274432537
172888347
152976260
296225230
336659933
281408705
232973487
354805145
299963189
368676227
262292586
354030890
382149914
261794266
336335614
246055814
295450378
110385539
193704132
201872482
307213208
298288387
297307093
409540578
351804380
290268171
349021286
402607949
280413805
164940539
336261857
156278215
366595164
325827643
191966098
190140833
307128305
184738621
203545178
343634453
278219291
247619188
254440373
335876801
178136776
182256952
200575242
190852358
109852722
270662583
258554538
350232486
383119332
256368728
349911960
334192629
184736401
127491972
183000007
310800278
428701833
462034291
386763402
154344589
398052218
305098576
247576534
445448611
268666700
344774855
219012607
205192358
198913715
226181467
203005925
283712104
123349043
325132675
309011436
138710900
269972372
166620995
373408968
571599316
549856593
370623723
243709359
209471986
256659404
205323391
177143631
162663660
186502914
321999016
295140860
249706708
215085688
260795733
214951975
215221805
321016377
282562737
307098341
213377181
269740533
305227513
307627059
201861266
422490946
198716668
306561145
265428645
188038858
323478916
329125272
240086380
247159653
358054283
298233957
263443392
352253132
305896028
155276712
261402265
260434718
217770171
302333368
444552336
285477493
312188700
335177131
203374048
189629644
352818006
348984495
275649178
315490283
289801911
221863265
195510720
336510258
254331313
128670957
337277294
133227723
173805862
284163516
269653264
311507155
110712873
334223787
374078657
311443713
225956126
350711829
228352486
185436902
360154069
359433931
354840658
264780826
382925293
299642423
256189685
224642851
240193708
377882289
337591566
277330967
151496811
226095739
293065139
196631101
368175333
183693154
319689083
286980791
229722234
239793460
380962927
480899500
403727083
379251314
222142311
152322593
133717073
198557879
370630177
391671043
426598160
384205602
176400224
235928476
319154715
343883051
309455476
319325720
209470999
181273226
290235663
196374020
342503690
301737192
199690263
213044713
239000306
238152424
248130006
362260051
288589085
351067263
477642070
445089584
264770123
129098916
141643136
159684846
182234029
220544194
197785740
111013254
202723667
205179741
216544562
218875733
167622977
162191506
300880914
200859537
314655205
219163141
184081956
266981541
379942364
399516431
292212721
298688243
131371426
137964510
214125946
197006574
217907004
77212501
116517287
219111878
200763105
136457733
127158767
143176589
154762443
124149206
101836605
143365633
110807290
109494366
139729451
103512838
102809541
142835599
89557967
83304607
107960593
1536780810
1152988696
975565149
547400198
1755204232
760665968
302751984
472516935
426389337
461955939
710427732
449320591
458029466
2625566036
300584602
519664131
480461987
504134489
446959946
307865163
531754649
335623328
620451938
328995761
542719038
367116803
914864889
489256836
478222099
341810734
334630460
711778429
462556239
294355292
413384244
212175738
494739509
545773473
560417981
370284399
464274351
386461799
373841483
646776298
448757055
351323233
313007424
250433189
1151637356
511286446
379562561
588292769
443032546
419635881
484336432
428610158
928156295
354216235
499952741
412213244
416890770
469115905
363488316
659707995
1547518590
356173239
336947693
444961846
502244506
1096827392
283942380
524007123
661045803
363596163
408999362
531775770
434942785
268646693
588263562
452591230
394270294
537041879
695507370
345164822
279553404
462633079
486972424
592170766
587024483
507246859
427847031
939987586
314930011
413372400
395480032
442182235
350939657
248874098
435200798
475250259
309323031
236897814
446954384
246995937
338450261
445050186
362934398
308098206
370097275
567459872
415852129
418492661
310869072
353429808
763197877
530034219
348515523
502423943
639609391
486064633
326855731
146823346
392360741
256848730
363804527
140506261
438634794
572654049
510159626
192309564
262345265
215124870
373153846
292867458
267928946
197490940
216877987
426617201
307313038
237825336
470094826
440078006
356102648
420078817
429816399
575758590
298603264
362653862
320467675
551941515
372986094
426253945
432115773
251608758
337574623
356454664
203308310
328263517
389871781
158078763
135133490
335688216
559929751
585796771
443525266
495529260
196150872
462401934
319606145
388814631
231320631
479191565
521984453
585416411
414749462
248849534
927381173
541576016
720802770
461047235
1181584223
389926340
806091939
761276637
538784084
528424735
460533079
453148036
765137233
507368553
491104151
399638396
1020524515
671054025
515793647
564155907
1905315513
578701348
472022680
519740857
319051484
1787989017
685177942
811681910
241041804
660169292
4437482536
505384185
1170088705
864124722
543577886
455126322
231893515
619048229
354911593
550906330
429619948
886902948
768084140
461257572
340033795
1009161651
811633450
634282883
266770515
428312440
428744193
407948992
350197443
432640551
132170101
350046463
457022111
425862756
287202601
549630166
299759888
306900212
722754950
360163224
484346153
245273854
692237334
762725546
621005431
602334997
374925535
608502131
453672418
309995785
250546422
2445781824
374868866
846515142
621763512
345060200
474576520
146633507
217093390
162465646
341713570
481384176
416259742
559036739
324965266
217079006
232393117
167913734
243531642
333948893
412864277
361155825
460116440
192211530
200968808
405945688
429150087
267253018
266610781
393875288
446008060
313331799
448266831
508042671
365085478
1357562342
401912686
1323762907
484439252
745343686
542254199
367009750
422902168
380237715
345845404
348192225
425632550
572083256
800759436
379935294
467308408
422830101
215727078
340128085
561197917
334199757
270463048
186887576
418189872
498899087
330796084
271793467
120185315
284537867
260663747
214706518
334940460
420188260
495272164
440575972
859430120
483134630
230010014
203316772
189678288
294845581
241229698
194041401
362543693
251698070
342121384
490920102
533601154
342003404
468273389
246409362
273624998
203470960
122990993
200903667
309827704
278190710
322736875
418636068
256249751
284807598
266582137
217538787
306202385
261555876
341016203
456324041
446170423
573165054
378949811
352352789
247538278
212394952
318655293
233762929
441596784
118706425
429694454
288192471
157777908
140578729
151046933
147159702
193598645
297706774
153199705
220322523
193562493
324806528
293811386
365966155
259510478
247537519
398514175
327558320
120936032
325043925
284074516
311767939
332388352
348645522
336381651
332642738
376675134
202766717
305561316
235452991
196430562
255568826
286434490
301933148
224203432
302918231
272311219
151102829
275217656
286889923
457945605
110159392
490663910
448982346
210569063
201305914
280898150
141375866
440528887
531274598
385430522
378002315
283192999
128216492
282330534
349076414
336853954
317572862
364997698
244831291
334661972
175860392
264647114
321310167
390681663
350523307
124774879
277277585
189817879
303266612
308311086
369088647
374534331
122061190
294311459
190885946
238374621
185594045
524062332
120608027
293857987
431184857
380933309
91011002
213117585
207951433
395504693
439741051
316237634
296876354
92607567
246162222
185759278
386665749
322899425
396219626
238221778
393708476
376194805
284958310
437411529
412626004
283127188
731998373
262574626
256477610
298535840
293422905
275065278
406170878
369229873
166537294
163715856
170616245
219150549
104626044
263939856
226027686
102274671
296333639
217801362
300645409
331126331
204862073
221425624
204715747
297495671
324041419
231724519
186375997
247238927
218061174
293175227
325905189
289150965
362281318
349632863
435823981
169476564
438757618
283729356
274772191
236381722
330850492
283436366
249516638
246148683
282611243
117468990
266176904
257468894
262164509
342695977
295442208
282773586
261604611
168382044
277742732
338951838
298936429
329000460
288320584
297081355
336450176
317747340
362314774
315444505
109538681
246911521
239324405
224524510
265771180
87399455
329794597
315498339
493457000
207477620
656871841
211592980
379544043
339343507
277279135
169776104
518088686
256587277
326775508
316494873
146417564
463143836
305535521
285787050
358847315
266983760
244655010
153808667
153954531
290942962
348867615
75039188
347576427
363006826
268809151
439216348
222074004
303867777
242490150
167681257
321694434
386268003
414087475
302766634
374436158
210755680
318131716
305958803
431737058
329684901
436001501
166980985
276964409
299788488
284295406
289123805
257656161
263574236
149410487
195298177
187155741
508980838
493729280
457730196
372571009
250487112
305443901
268072563
292709636
212274016
276055894
366716438
241669386
255031936
246691067
388889026
349637137
188744289
446908984
260342372
218247063
515887528
403612255
224558567
402504335
207346187
368336280
371986838
345483520
515514311
148376327
434655234
384444711
276550225
128571445
325043406
216667131
319998429
219492504
268216779
385067675
377835775
457156021
196090480
254625179
314281724
364082063
1115032897
567473840
581376002
407935996
278012054
387507773
133844734
335843058
294222754
327819837
344812224
370149830
334289577
313700931
374011937
223570102
368394996
137274299
385962102
344097743
387465492
280712604
433613377
352388291
354519797
642645188
266519106
536683709
389020712
367139334
207698264
319283552
387558658
372644044
310228343
318490645
509980302
345876196
217272924
332566196
274299226
200314466
327452958
266873636
340802442
440248148
220361429
169778107
244473447
186009117
326908537
343475060
263296162
199457756
189387476
222729851
127385407
344308300
349482389
369710128
153939992
240563998
222292795
249457331
268283635
363513834
384193436
215301404
379203004
156604237
171685970
343517577
266654994
227354260
182764046
216031502
306684984
321398065
397255606
222336923
254202514
452910080
236536950
273934320
195298825
284150902
222972331
199285828
262325627
234309013
334828685
386493818
170123610
367476101
417896270
290708961
118434255
336530796
140801174
121548295
607980019
490820673
243603073
270582548
192721450
272504222
318311869
353925975
111195848
362679355
260934748
408156760
251339999
299793920
263300679
309809888
322829455
278245294
213741163
278274698
394000512
210016526
223275917
314266273
259325082
261695135
314649736
240443431
221270034
413249582
388274854
369946154
439367079
248773734
275472463
265432955
379000245
312577548
195012749
301366654
224096544
102089895
242672430
283984807
338599097
289447178
261461927
349887333
327010815
303644831
404289510
507558882
452628353
462345203
352862385
587883696
395911039
464111194
1247864551
399683641
456601512
280457505
315053744
299297377
340326807
185269638
395277703
224585261
370791906
415672580
423975921
117023258
340925718
591106961
116885427
408337494
553586395
404119290
120218982
399427967
260413758
333624944
209398603
374943051
131309324
289685772
399921504
188056851
260843595
252933036
197537160
280879736
338804236
212055484
350134189
399715060
251563427
285029849
368427140
464369481
380898580
300758657
458599258
249701680
280354255
584708185
409608273
388761769
434792884
335046098
248467709
527673507
379631982
456879090
377715812
443942833
773827959
1058588724
748397036
417839122
562577918
567747941
364194058
237964646
158369015
272982400
303941671
346444934
324360731
73353053
239573571
178501991
321221772
407134859
367581006
271122685
217286109
197962122
268893781
301042671
362495879
232341167
236625567
398387231
427294238
195248095
182438626
224174223
280748997
289358694
253146006
205233942
280358960
129569677
242387079
348288477
184383875
537029448
511551249
369631580
387513623
227708956
309906322
237590532
142411975
237964824
306557465
299850245
347363187
382465323
425446245
184964463
276490374
207868784
265595895
256644808
154670320
383282046
618552231
138846314
435117530
394356998
422536529
158874878
343478863
210320370
289904055
283399136
246332111
201140255
219608194
309144236
218865938
370597526
148122254
337364142
351544349
551997455
562116747
77284657
222648907
176053286
308646634
361180484
261382453
325511777
260478958
235429174
367512368
331329320
328995754
241797848
453002084
201315026
296824303
329563926
300774879
326508401
207011491
132708408
216044491
297035175
139740929
432290950
399154124
175095075
520382220
563916281
334442658
378120981
211833996
223480056
368025372
367711601
245010181
522013095
315468763
335434739
208342236
305996711
176469028
455068281
406083289
386013317
325044835
193462583
158453744
244323999
332356712
354567973
407079706
325765814
354150585
238562541
134660252
295296196
259521810
201947478
370529835
363659852
343325922
213630026
430273455
335821670
247615099
317837073
192881586
176227521
270814504
285841266
246532207
392270322
275131341
377843732
219158618
375058040
307975844
181040038
201902304
216867748
262513801
273573668
269808144
176736402
306025645
228581480
312281754
367778004
236776796
193448084
281340324
288650096
242671653
320433452
226940758
175266689
337400657
233246705
220878705
118929018
233932202
309338479
414465756
448789938
265239267
378274451
201853584
151729285
152976749
262006409
238338612
279218812
323152983
325991327
136907096
265344145
148182780
262888190
229789749
262826294
206707013
367005055
441791008
231354483
419587234
376175559
167119044
152985649
182035907
295713840
279899093
289368795
378147852
181358172
212897133
288095277
147217714
312718982
407298208
360750158
330553116
271618944
287282100
350012053
143321904
315940324
131064438
250535311
368275554
327282246
145341014
270166473
299723625
441522736
250810843
197010814
269644293
172893419
376219028
235305446
348044367
289776208
281353119
103561693
205848546
276647627
116230056
109047779
333973569
331073577
300572786
179398738
172020299
217096307
236138937
283016059
114656224
277376629
302550714
345139876
333231830
259667731
318769509
155694683
262432480
326865844
408483845
289327425
415761614
161181280
359149117
273038584
291533473
441805910
274657765
326856884
197682377
324028063
227614651
158300873
285075182
284203271
320067663
210094524
272151154
158108513
216986816
637258470
554913918
530420695
426825879
396570620
252855834
186729499
229875680
256372224
228959392
187235484
224225632
267800165
329396837
296313329
251830542
251921447
240965487
184959689
300929433
263845539
217331732
208805181
295051231
434690439
385841153
352328920
185965721
358625515
265626844
334081096
228830527
340587721
211509012
411589847
331456118
263483052
239676334
276488097
303248225
399069585
378351812
134261059
260269750
232270146
248265911
285820732
288636081
306590517
217827710
259232714
117913972
237398095
308290853
312544242
309948840
316991254
228851533
220245554
225033311
266266282
287840669
284792570
308212328
233124508
381035960
220100052
248105950
182986966
273070865
338821272
296666168
267018057
367165086
126709758
119402269
165659056
200932428
430715800
414378435
310518207
304805125
281060470
271681733
177923802
344320188
329067487
211728529
173763567
159792768
227862092
316123209
358954898
309869718
250451517
228239408
231798049
284451871
637601952
607068708
551732951
357033202
680821042
99567233
200562993
132627964
228344373
299899980
410309715
275853319
385618186
97155784
298176201
290368132
293848290
307359109
291455448
225797150
213431419
310731162
242150890
146268398
332682409
229732129
277920736
262808346
236906620
134263770
271957000
141983484
132743850
309580927
433225041
150440892
240727569
127849106
185497187
219600165
215025387
177182884
186576730
203178060
231897577
224310522
211447412
254064931
281436003
289659207
251699180
212284869
214611935
249761200
76606447
326649458
289919342
315480705
220883545
117290145
157680946
225756214
221457964
112580780
86084155
164964421
192995240
109677222
141508508
121656814
159835331
147944561
106409485
125069915
107796275
133664313
146117504
126045401
92293999
132259575
120735394
94006777
245012660
76070955
