1064911966
692686291
503219693
398892340
520597554
532405206
598645702
276964926
1961162258
289585579
511832336
605035340
616124271
336142137
447970237
396388755
500822934
338018198
260020629
488547992
450811030
504799609
356607385
582800434
390284792
663741216
572329258
1214985498
402286488
584772439
872306392
420004580
300875550
329126645
633601479
525845349
378813525
316601635
732152208
440134647
973256888
351596670
393111995
585720736
570311252
446277767
330650534
215949579
376236406
338158743
240297999
684497099
355393428
678429928
372231566
557386271
285489342
453411084
610760126
328194747
595408703
510893550
339304677
381274865
411589484
254953221
581916076
289266544
521487545
296647829
203981563
256997348
852778166
579929938
428375528
704604698
354587265
605486633
471157214
676505433
323550177
646866447
2389917032
596557357
454011902
361213632
435499964
700240234
320555183
487535351
351549435
672168219
390471836
465964163
453700791
371351475
621655545
207982838
449345514
238312415
394603285
252818697
406313323
326803885
489421402
370406520
355320025
276126984
581052916
439744436
628294451
268008749
511355521
419925780
1124692212
608444587
715178903
440336900
509443459
520286364
128299128
543510637
527167852
374581375
252932337
348501160
219680879
229751400
455741159
327208921
250021494
377223956
204123654
236171206
201751973
482513284
356795444
348469096
374228510
138674132
131669667
568582866
480061486
532854682
402006772
304497261
229627732
323991379
495443547
523079687
339983749
542570934
353773499
319491229
484544555
340488852
264076377
273991207
145620694
398856338
445858628
178239509
456271742
893767026
656187321
281113484
386060215
306727600
229213163
294333160
307273849
274869204
178920107
121957204
405187456
413197792
114474087
245818680
311227771
397629974
167027820
342825645
423301693
244241636
277130156
240709006
382412291
294579659
274490689
424415352
270192596
388577360
209304933
300249792
130174535
376176257
410520236
269355151
150183819
282692363
173961135
286009665
267641039
288791101
221070913
490054613
138553269
354249646
370623477
413152061
283975867
215839897
237871706
224621044
249859326
233683522
192744788
301482330
247892337
200396293
332256239
440868892
688427730
247299131
337429748
638485129
362249328
422335990
437385128
480148766
814680867
404430307
272722428
415011047
514068484
528184169
358947456
320538925
315763926
821031405
473995074
370606807
2224076613
612476854
428880049
995040816
346665494
251230730
216776188
176443635
294481334
301200810
395726173
402912236
368916499
196500067
313331840
366486252
409200678
305265652
196696564
372232096
315025527
786094140
224524606
306037581
306128524
180784149
335414136
333450087
220258741
225473565
155833032
341571350
483929972
393195905
520688601
565749836
363119902
742910314
424797808
349275760
101139599
344766733
413195398
457440699
274631290
264796411
317252252
245586566
141689573
338276799
160785817
254895051
216573263
357426934
383788895
320537779
197540642
196664548
344240338
347680908
302325609
180389881
336635623
279983606
277326205
189187134
200663012
310363272
264374006
389389170
296673781
252835707
311554092
452543872
176377056
444776525
264920636
358011990
117188185
409804875
491663218
123865922
321543543
393969148
201823465
328402876
148039998
266912182
304216483
405465156
200478059
400679654
339914789
319459478
406108174
256473735
312271170
209091243
112110629
365662266
280576247
406504990
351588401
186873092
345034884
184199122
386849037
302275737
301522787
341954228
352715290
408462569
106527252
217958747
379391637
210995160
333436839
389793917
428640822
286004859
210330566
205089170
372047597
290181269
429157487
176660335
116560557
198866076
257602760
259561239
261812089
337569561
253991766
311221747
251584740
196950940
281788957
384827052
452763237
400812096
412636007
334195932
338876009
425577663
306361763
755318731
221808391
182650421
337608973
289115392
380400908
146793578
184171163
354342180
272109944
331640630
315471421
167585444
293611757
222742315
278053755
274846369
380933255
281363198
353809854
346395582
457462473
355338093
459253601
294279136
407810002
385284376
165315268
127912047
288878419
273374123
235569462
376822962
219614607
318518860
294548062
135943222
258871941
263022994
394166103
411221476
397243055
219804339
343353355
289427274
264988062
232683845
272823358
206021598
256918215
165037435
304684183
221149026
198588557
426659060
326737136
345626818
249432476
470588067
357046363
170144807
382901158
394033112
301685449
417964926
348178394
321978226
262501735
204989988
211270014
336556638
192946403
401014544
266661989
449695785
266085984
705692794
288002373
245196568
218065919
199895549
199773570
303945710
267617324
272545101
279488708
214687746
134064861
287203496
342141976
195601967
312962925
200647716
158669921
380407840
312855335
424666351
165337516
395063828
230852674
260052201
208758324
238768145
308680683
205143877
163485571
327309386
361633473
312596128
455579553
464863100
543277666
348316756
489225850
821558183
708004300
490808479
588790874
413842419
356257868
172100295
562750777
943679512
640320764
634341280
331332093
393710812
249664510
762795718
365270898
535085635
1119016160
606343176
432341120
296436660
288229519
574926377
554381160
683951945
157463746
158973880
648138081
658660749
288299128
441978411
189493188
233792074
401789863
334078876
273289640
387351301
125540661
255227573
297050084
225798746
196683987
304841802
308006465
201277821
276629421
204125359
292943267
158028306
398934212
265408647
219929064
287200474
243805881
182020778
207518693
294391405
278607863
157969015
392346269
319715457
207719930
232706279
302766480
219947202
238657810
299606853
248399715
383729669
258654745
150781026
362201903
290211580
277307181
274692506
323012997
380457159
205953526
317003654
225726510
186477115
188556256
235134933
271078386
195070279
194938975
161919476
172399375
250049082
255221625
275250864
281845785
237877614
235348969
254897283
248207271
295466450
209748196
213253609
275782912
307540150
359261680
430460291
324300570
251852375
336044063
238247560
299530391
297678505
377117339
339474483
343889028
394766055
124461689
313987642
147218425
244762829
244200594
303537554
358437317
179436820
306749417
201807197
182775928
184905916
224339035
359144605
358744105
241383459
416798661
452328618
420488965
598285219
358296544
349969936
238383791
1179421062
275770559
385899969
283949384
132203572
209896452
295814406
283213052
359897895
315590418
252342763
302591574
221832460
194373571
244561388
283382809
244707308
241157141
303002165
208895884
312801823
387934228
377131910
309498786
237632179
169704221
220440873
189055200
266342091
251552158
219663834
305108358
298175943
416263723
361695490
392934238
548760162
459135269
743201145
306253357
557299939
264538392
596855791
536244751
210143014
248657164
231596104
252966121
480528724
482395466
233907633
283905866
409784254
332815166
276086638
125077772
233122771
214384533
242038693
260986691
118984352
258224453
307711882
317885291
215967537
394536775
216957701
274115503
123701768
224212760
174902749
208537533
192149117
214770472
218436924
59467772
194545979
282173547
278440609
307830866
142753064
122351782
180584038
196881606
204960640
118599054
138428965
199611480
297875630
322404837
376191235
215545010
183198381
236790894
229328121
130749750
161985899
283722668
346233474
353755536
369854055
337811130
184890955
197329503
304651903
276171253
218642831
245371565
248405128
120548984
124616310
341778151
231196376
350655010
235058412
208201099
374382453
409671263
381464880
491493069
490688222
313598391
348154971
255462869
167147635
205338617
233822279
256895229
179349716
163272384
192949018
203651371
152619252
108544013
102720507
152154974
187963410
339240116
397485942
363082802
638404278
276233992
875993172
488276523
268005336
525403909
239847686
356649759
272216050
342588209
271571710
217551042
154535293
133413152
145339798
219063324
247060585
261204647
133385158
356616730
184236558
482462568
136661722
371174908
364066115
380302718
366021097
308500975
215967757
362450345
267001031
287122937
140281254
103320906
337037609
365184601
381052941
413306351
143570164
232391377
198233820
329357961
290403750
291589201
73574261
207861430
248878163
269980069
277892598
220888612
298176937
380112327
380961962
212202936
309859446
544618092
344234509
389450772
371660049
247395632
372845127
412811550
299852551
656870303
508291102
636499191
608934335
245997277
672365228
162072970
577231228
795668690
240869608
243527681
273945599
381906686
170883238
268248021
179243088
98440244
168737260
188143842
105962438
293294377
296907724
304918073
312617020
298747946
124313985
128284917
231380098
284416900
352654595
403605521
319783724
239124259
366721926
364074417
394246616
315016964
188573426
360752718
241763907
269895423
314068416
256380440
253750177
294771622
294586252
307840948
248383708
325252331
201545085
325390375
373822375
350543383
293562843
188968211
112158182
183494941
245432967
274348537
282302401
193619682
218324109
136073228
215447745
242849389
329405046
372181840
336922614
158159659
190419049
349763632
373230784
223680764
179773152
265374795
134165002
157154006
179217600
217298458
246744026
283077428
188814945
135529315
126766824
177876173
119107817
335117919
297563401
373155653
166302323
167215933
462866145
414948264
389189931
506672732
175062858
161377861
285573853
247532135
121204147
188146532
234905538
352703151
275528534
325832800
225347544
257191802
203239430
166578502
160037453
218306386
294241296
198800108
291608602
215416245
301887932
189668706
418622682
382820440
111310328
643656515
145157377
193141738
214747322
244757086
71748108
278765141
287035794
300652262
326333778
81022106
295624739
300119556
259737984
331399935
190431991
183074647
300174223
383340801
345953535
454020215
242764064
468260481
340752049
324522568
136280297
427091342
469480138
426105720
145641023
168322022
166010965
211626669
244570760
287542494
201199643
259534567
303291879
470548512
361786416
429025356
218191205
199264300
196615023
187206749
196765166
203889902
291148583
306353803
266025389
112906462
140465648
142709917
69156988
107996668
255003296
279522653
245884663
62904997
93175373
246491881
288979017
253525941
339836815
282430488
208522465
252029865
355070080
315751695
414434315
294824455
181376779
162697438
233237615
340436765
279749156
106264431
331474019
354943588
183591533
232706066
411255979
442528373
398848583
277406378
427138915
217036656
262821205
194764640
216699856
126607686
253109513
321355576
420773958
270856458
434753551
230203724
209882474
200523262
139684704
261483485
129443466
316826254
285102564
328543210
295691599
201995424
318186211
242575032
373088988
229539880
357801581
443234342
277959411
171464070
284386982
241507824
167039350
300387578
270464512
201247434
169465460
226855306
259604647
205818930
205157295
309096867
201415919
195384085
241084843
239184508
234325758
384875310
169956488
374978983
235301437
291577064
352599196
298584540
380422511
301998497
201571651
345458520
297177805
306526856
283179203
184240303
86186406
212627606
145413659
272951621
337044994
281476174
208783317
306943161
319568809
307590202
350968038
387704928
122939094
257965005
249131192
362249701
289665733
343798741
185190848
390645245
371107127
248976160
393170402
174642048
194549271
362398440
389357713
161962851
327546808
297305996
225598265
264852494
331782957
170701464
379750193
204239163
349591039
300375407
262548411
318456119
331586238
926685344
301418475
287326750
110573904
223358567
228781905
303558110
275246406
298232310
205875806
271243663
346329159
322493359
275654155
364225134
222738746
280030780
280435065
432743148
457156970
323095692
267354590
269806366
314007074
250444171
263410489
323280074
185503239
226708760
236947179
345004785
287500442
277950318
268740118
196545097
291999237
225186395
226331411
244576536
284892610
216608929
192149903
345070628
323143438
441807331
333555013
217296620
278550002
272430067
303580054
302198418
164147593
300427945
293638121
274939073
288795356
293806190
237441206
274729205
348491860
307857639
335892752
82654720
245262125
168182556
164447584
362725692
322644144
179359637
178048210
308494206
318519205
384891015
343584589
299758739
149614699
107311312
212807201
311218478
206223692
323414239
340248988
123981076
250529103
313889164
260717335
253642372
236497006
211140373
259722123
212730056
206665304
219024896
295624990
276850841
189302994
345445225
550725332
638843607
700455664
400875134
730219873
692947428
322131967
238899371
245085093
215917711
308607419
283295086
390405426
210932519
156136959
430264613
142183945
350135139
336235413
198894703
322273374
130676334
364352130
449169394
395498130
469908400
317166637
310680756
320288027
304517208
296932713
307107441
218463498
122715923
142851096
271122128
267983730
180136590
277242382
251164013
264330500
280690178
269274434
266690035
174498831
265178634
257043316
251775900
257526042
353041209
234644312
256132467
201063507
216329279
115406610
148196825
180972747
214756095
194302767
220347128
190740321
257880186
268063608
201555386
86567808
113714669
156284835
80944252
140078896
108790925
113659529
120773672
96416011
81323949
72189060
108116464
76389127
199668660
72183719
757567554
1164070977
1196241026
966330278
584604634
1540764016
410140856
497318963
678557875
681136385
594186460
396660318
596132471
395452279
578287577
367209947
368762525
526634109
526447742
676540361
376704707
474842902
449319102
752580503
645343945
832749844
522579344
273058949
382673845
594692005
520577554
256196534
500697120
505083497
489767789
574078400
454938695
437777255
440314272
246822808
322895871
466751040
377031394
367196723
1511479155
691523338
679477734
1585831996
497964121
437654563
338633681
688990873
1447087851
505374305
555786837
380188467
500331304
566963765
552754391
437728893
707221462
575091426
417063696
1421546298
589956260
420463948
649989427
410113028
1473938034
609877643
336079864
694042572
504522407
1378310127
368453645
262067885
433071805
470423783
483288025
412612227
368577720
371825969
375569801
471382184
523482559
564406026
541340487
401882538
310495963
237523001
497610417
510322222
538013878
189521272
388866778
420587680
1666686961
856584502
980749100
550349400
314762068
431520796
719655710
441625842
437002437
465616425
549381568
522866884
378925159
369429645
406867743
380397455
625658255
859170375
398909914
366868976
602008691
341948301
386073991
491443622
208045875
430618714
465420251
237692839
475768499
657639778
444363823
872952288
1155896816
244618076
538692118
687273909
332209107
613526144
323112862
568301178
296971407
688717851
709462906
372161559
656522433
549688895
472294375
539275633
521834628
418273516
366452050
281713684
357903697
460289195
560387562
423606054
367215256
777922763
206978284
3716402144
507492511
545425093
383362097
337784171
744877336
500161502
497724350
278197925
342209532
753360309
647300308
409657516
330623000
821713789
398404440
324581837
317909000
540363141
375534882
666631578
764238559
906298980
480567378
1194971327
252164118
687981073
444662441
1351190199
366334468
278220484
739986706
521918540
472192155
296592706
363616732
507696202
449203776
372271024
654389460
407266694
226003056
513681357
315952535
264913658
439718620
407843142
268211660
1212216864
1595394487
504388627
222268672
704640294
290296730
520345479
384208534
4101579215
325025388
699638382
545891074
411200213
447550825
471728481
312846762
552082777
454728145
482722676
788286000
530186877
439601348
341279420
362969392
453608505
525774922
769019772
347706485
393181555
500311806
422962656
521338619
509645375
518908053
301132042
444710244
381094404
528292004
666487944
168866756
328800962
509726255
3238160371
418310533
370159652
222564161
318273927
283059499
222511220
181540744
309250490
354648709
380460726
396108680
361976783
326893723
336190632
384466425
440253440
579775354
218400206
466171046
372998068
355693062
181893031
315918543
244135953
337992370
328872028
359462457
528661039
370163263
446913156
1028184023
388142281
437978681
687657703
475259467
337048857
265928665
177933041
398037339
298420276
458354766
212540897
143075823
197665451
299437021
211023606
315368391
278093085
233972904
173896836
162207795
294000821
331859738
283607007
281986908
183156555
246752816
206867581
298912076
230193580
324693883
297995958
259640771
336141243
127116516
367557410
344333950
249010990
119332601
427571889
531963779
332957583
345854310
376096678
353470331
454295846
870950183
1258416285
464282749
446435659
608048589
343411882
485850354
242978611
387967798
242576045
249217450
322332131
308921670
239766134
333889425
370426726
365175068
349899356
255993762
263544603
196752489
258305241
134585204
224818307
321961669
365457568
352828771
267580923
254874627
281002027
199799272
255652830
391829426
260421868
505631719
224828549
329013629
306431425
285575010
417114409
480034575
1040020776
544502573
303575961
467255227
381909229
509977813
260724017
172447042
92112519
235570727
180525917
295388768
264452589
347581445
262605239
300907635
321238695
397447758
167992700
378803763
188808404
341006511
515839378
650470548
323408352
199865115
355525337
301179387
113580504
268758022
375833027
407755309
386295727
113065308
179441930
287004207
286921697
311730149
319081009
177212320
161811431
276343489
205127306
301793221
345498964
276663373
346715378
269151107
196764888
131051441
416202066
304755100
386953848
222821158
89083192
162787008
256510548
364162369
128040776
448734370
423620649
219059470
163343514
284809476
325341325
393337554
464201114
580059540
224478152
480301509
418944611
431933996
540883536
367405688
481799535
531040616
361775196
228653524
607553846
505690080
523582854
504305624
319507560
507114921
570721266
468259338
134000873
451502220
317295105
413410144
303153604
196274079
341802653
320344926
165219494
188890244
322976153
360596771
435943383
403726179
305498957
287022914
233137379
716383849
213898234
234202361
235541900
188485650
256691839
279521649
212088627
268606457
304447400
148143457
266174676
263493426
122558362
340598829
242401171
148221985
379002656
413187554
390973136
460596516
239839494
171765964
118814178
279561063
239413547
322153948
305142949
267374012
265353842
205465118
358857571
340830167
342074422
295125042
318074701
284299428
173640481
366062391
295365564
361076660
501996013
393047303
303419474
360357123
410003683
366000108
183581191
502260450
392228664
131838402
303006903
120513845
173286415
449281734
428025375
180989304
326589447
213379859
190839209
262372827
222863122
379805044
106705837
281271922
136413769
323759274
408078746
396597397
336927400
228908994
321223838
425784669
562589304
166112925
384977757
314895079
163181057
299434181
198706070
309078408
105356792
327512219
307833662
386347900
308371179
325885639
216450310
301117224
197079654
238958928
236883580
167867815
285498453
270277767
240894790
236085453
111977722
334467655
285973682
293905332
264887514
203278282
179336444
282608594
348087883
371993065
202510202
163093407
351417727
321492483
388636399
414512132
305042870
305918244
180062739
273686089
215026421
270386843
234264405
303415042
323456785
189012207
178455733
221383102
284688133
241663069
309014281
317810352
125101881
355048325
281278621
206850213
343101475
310114617
140276046
120164530
282345838
316723052
275511903
332888973
134617648
254333409
150736686
244523633
341595761
160754385
328682394
283438306
329427638
329856457
286416218
225939454
205890612
386918330
313397360
333381297
325367335
213612236
315432015
185792683
152556861
339487643
238362585
329193272
362072857
191228250
164241430
468495782
409706635
376152906
409145645
195494266
186948294
442229623
672011587
166054611
253075211
228238126
242964580
248367858
289530321
220399395
287023324
345112534
274151785
184850524
227436207
233189437
255962177
281834468
301645363
124320132
209679259
375870123
419088366
425225141
506475844
278348175
608858347
195055999
297913039
230154430
238542522
236002515
300838221
257212204
279514325
338937655
327841850
287098595
302920466
88559318
381573395
371097787
305933005
452557793
230536410
222235781
256170610
216402759
288520861
319519812
113164953
315105298
238522382
371233545
280006453
158506748
293641259
202529722
236260127
251375818
140100297
157335707
257287355
241742982
281507111
300584499
197474038
211045858
266289220
174331463
198702921
171106003
152009110
140436771
200568395
211053547
84842846
272085279
307903759
293679514
91028650
138724214
117348634
160935385
205804842
133478130
137850740
224152360
135614833
325458275
376611920
372424756
196991032
210198019
230048572
167161377
174373180
255698236
289327815
225056644
305442229
359282028
121792963
226209896
217746262
353524244
357517466
230434701
260453309
256529673
306150242
357531087
224554831
279946810
375090365
225941267
116641923
304847564
151865325
351175125
433120034
262802216
295486613
352858480
119341212
169148857
202668508
210187717
196840292
400920147
173233812
227159001
149013735
166799663
132014794
140285584
131650535
331011227
342664150
391459088
140222685
339397194
120393523
356468667
388846218
318592843
320499710
366931440
218012021
482483432
374855636
248050242
170213434
206776880
157742546
250621373
311433577
272108764
276045858
357787192
489637865
382001326
706693240
554159689
475628144
634930896
257219185
666919934
361699780
579191941
332593741
378119835
196174081
254555354
284581881
343556225
378385933
389331409
416852410
80762653
194546882
211694292
250007255
277382123
193862494
80330069
222631608
216722765
266139910
264894846
189869764
377732111
360393269
328912831
189397057
659409119
483871162
670531081
392975717
367147687
679612633
967504872
230837522
772432273
387126723
166862594
352142540
471093804
320267785
526473120
162900476
217415288
240814929
262167146
302426592
261946437
426514827
224227876
245871896
145039661
128237583
159953746
93127249
97028208
299665961
301393915
241073101
324315876
326379829
110835072
121194655
237209208
329777655
232522714
301219908
456267124
192651925
222463156
341106873
193289357
268240650
422116352
282578590
242527528
258076645
315837596
255874837
167412271
313720885
269534804
359509122
247829270
484535130
327551099
292131009
363488409
214912732
361296972
151950573
194312035
168963068
212465552
230988540
218972272
204810124
250155477
244117312
309762364
336239996
307781617
393686897
80843387
122796051
213879955
220848185
105628787
313665938
229344513
141042422
117385770
176954954
290657855
292232127
304562435
200364460
207410758
124498429
262467581
173665971
365417809
365209872
197295522
159123348
776721799
534285991
525629762
394478505
346340455
504407225
249450557
256404104
235810192
301656022
226173136
117524008
208108216
439663823
264049253
424111468
313984362
194152364
148496981
178774045
271184597
285113120
228804656
300498953
187408425
223025725
325097209
404575318
109337012
378106097
305797483
191548754
74113092
177645997
187982631
196259256
279610316
299522728
275381272
455474226
229793919
278488435
725585128
365186651
351861451
149972870
165245316
217708165
182767516
454329834
346686316
107399052
504106075
351611405
180135873
303642438
337480785
271166615
452569143
141123763
140219876
278148000
285779221
224526753
197625126
278704346
185502563
305391286
283600613
375125714
269447967
402580318
152050208
177574289
173174072
244796618
369801777
217861588
285567560
322657930
236431379
110906921
99536394
137172806
186493301
189669975
246174800
205368407
253361847
82641872
104926445
253712253
244009047
324566660
274149547
359886488
234361694
221034888
224408224
358367844
330111978
309350069
158117072
297391099
97586078
329697763
347456534
326502757
213001111
229278481
280508171
191477243
290205949
422524452
425300320
299655561
271331133
170806243
141678913
217633397
343910223
203430370
342456489
276887329
212218148
435029999
231961425
553009415
221064207
92391104
197188257
209462000
253380705
337149703
203333546
277385941
268241754
211006216
369105428
246260355
378417698
233403586
225899140
309691922
179688396
287443483
136960354
182708330
181662400
216831661
278190042
145118858
151017779
238359711
182941319
245805295
311256129
256954821
173932719
408297641
230481079
340891606
370254906
344857759
241839684
198235611
133459442
136224934
279432527
347841139
215383756
398263608
182174398
117161425
298154836
287419812
262018076
226505902
149758345
150886425
345017017
326525418
155970741
266035241
375539910
258510269
256612035
345896045
362821542
333641190
148302865
143288442
389826562
325170492
335841352
332134937
157336458
247595594
345415399
355142694
304431002
174879377
338742289
308199500
350689864
275979801
272045752
107434341
110595844
252431276
267718036
355482587
394950505
296499439
238703877
279336371
157431223
417710373
402621289
197756288
239733788
278374956
150796529
209821257
306187717
300939085
265867870
287651614
116402721
291431638
224319000
338212945
301446369
303316902
150029479
93943975
302831810
379781791
100733590
324180878
541181100
232170068
124727106
243808154
377839483
456743500
236744192
271756667
261177842
186552628
331824170
171122527
279350737
247305793
202940160
264456465
226550902
303738613
176078323
220381733
367146666
441188535
603422174
286309037
390608919
216078295
242266489
286394578
314161519
287744475
166681167
202680949
273865936
312478099
285975789
143827260
322042807
256205798
326731552
191404656
384094605
253121768
309379682
257137500
299425986
310167863
389146625
138923000
211172300
251618447
322405736
126187949
357858371
310525067
125747878
166647075
310516032
278529628
308482891
321141141
157765319
262653337
218187918
285864766
207610563
250733020
258394018
228064339
256741823
239945945
199895975
188565788
299612644
277808313
319965152
176496796
451070162
168407035
195873063
491223678
693850022
690955196
194897621
94821501
263912926
183309948
300159681
351376686
346604347
188637144
363973261
138631250
235713994
393120783
353403158
314409802
149791676
120369178
340247324
432385063
312126326
137516448
470289507
340146587
292046357
263992164
356398331
223991203
94332144
175557291
218549061
166587020
192759481
313363243
184213201
316819837
278023605
266848586
219266605
278646308
249309402
263169436
213533696
322878610
288186481
200797710
210138526
285967372
200341091
192129820
145508066
195472445
174653966
206528640
182906421
239135161
235995434
232317641
220120686
128622247
194508809
129553832
171212881
103376818
138845419
146981528
101100365
107863534
112172165
63823059
76666730
74320243
68064033
84534181
