1421181864
1325492051
1056262625
987205549
1420592696
1420517295
1428630227
1258887112
1564734694
671299402
682375637
811267251
840267076
734506241
726906365
763017252
872005093
1187941451
609168815
615804881
587354573
891558282
857420204
980362348
675085993
3640821235
726104949
1148872528
595692203
536060386
942434571
623619918
912706691
561915603
657165785
696567434
410730237
584666701
559529585
442990342
431472473
678610655
450681809
695191633
698951608
528571812
828597516
827663136
842976452
790005288
816401920
525362147
750237676
1587249578
807784028
580393439
448608517
512082529
762152583
350213528
394623734
540383000
1071827249
562215356
394888139
523360102
778049605
863796541
635166245
667239168
444459315
876116091
897060705
556516945
764109775
818786555
1314136769
523197962
1010354751
430700973
779281925
585575184
1332816210
494292077
612057844
751569518
681891198
823747769
648743461
800364896
456371053
470803592
947536012
813467749
595376721
649848024
3091416175
2812918233
722906921
537546630
866330516
752047016
812742459
947646566
2431697302
927694886
573920980
743898403
536041039
707654830
682676317
1086826040
896579049
1253519643
574585786
775299629
802413916
776536371
992622004
639549151
646417673
333264848
544174864
1008662082
504157296
1609120544
756551162
562207905
815521950
509023514
657726598
391534091
2590206723
764275625
752658078
796827248
784727972
2393235118
603827873
763854862
551931403
1829378717
664223787
964269372
610935458
559099985
676153554
612140825
463310651
504709800
684185420
745028221
1614126582
767334615
794067375
702781038
697831944
497491694
676196796
707830260
775383410
948721755
1401998985
567331693
595836598
631786251
3262014135
871364277
696098958
616742691
716101593
539354777
891750811
901791587
544643845
1001797430
531627706
733510445
994858823
965054019
1067402478
706265153
692551545
638543221
620165860
697690943
573725025
2063402225
520138444
588524669
748750702
466012788
300115251
932811411
992563938
672383544
1164983001
934074380
231768070
733785837
810246264
567950298
947234123
643334706
955299051
1172303610
828714587
648721773
629358529
2353268111
587484845
739683494
773478103
648114134
879284323
1470386647
568351765
1142476094
920108815
752636195
632165585
665187330
616881889
1060061737
879547191
674355747
683076972
708707397
796617877
758152040
798354246
973371889
729082650
1733361159
576264060
650429160
646030236
1123313148
438574720
976613250
729200380
504109632
664273504
445733688
653716640
1914462879
879863012
509451132
2224953810
1238673695
558981553
560945719
705696575
969296326
803752874
671863157
791966355
600353837
730690492
802584382
805547666
483756463
541803606
1049381835
727036274
1208384878
689870935
637309261
616240370
657549924
677568542
875928587
887287765
780107387
804967371
634827224
608558489
661285219
767688207
622985864
857514863
678838511
903797773
781604560
308074436
1073485808
698698814
770607087
986796147
791771758
996647092
719961319
1003436026
537981201
804266223
836200777
1605951230
901237775
930016139
595197390
723813311
841076749
829588083
712177401
668623427
905484658
973504321
938002236
1054002675
781746173
628455906
6708662688
674486506
713686909
869572151
688934190
711274592
784366949
968403157
756758174
768992802
822681329
653950523
829379697
736205011
717608413
856036802
691615527
780183123
1024836401
751044201
828232269
2149963684
716013563
1181274981
991246615
723983123
761723234
691990076
722121096
1180730671
830271815
734898285
608546753
815510263
808384636
826302756
1013109957
870041829
1108395711
614942809
912709532
1028234357
996016115
943460005
821663380
757314009
1985027793
813948697
571741057
1006983162
800931994
523968791
660337436
850763268
531980412
1808434929
793256829
427277467
759975099
871846483
859340759
742561928
755010181
1198051372
717191249
912265244
578974481
561733822
572207894
1064969169
763757441
779069663
489192643
601385966
874379183
567612377
650455696
671329890
1372827855
685098430
611260141
634738746
662065123
1058719407
771094333
578851232
732752240
637265475
1241857289
1770454478
4852484730
399304870
809534096
780314593
486125011
583482151
521253996
608712262
477052396
507974347
553761220
626875168
892691116
912960251
788602348
751578846
586700039
671775881
921521448
756087556
503961086
581210296
523948260
385735807
333854921
557133949
551263468
599739298
596454069
564893140
589023912
574542055
636022021
515905272
693306413
507200991
520228132
547136457
568325430
496687429
491004175
573406194
443037702
565678850
646585549
704118060
689348745
736355038
803362942
776726912
673860910
769522910
899276943
573754023
563186696
541315110
573329856
1574935081
581343345
799733218
725700514
637581772
480218968
507154352
597428407
652431910
693376288
502379249
568612082
613793432
629158557
662606537
1144009295
578777104
582406030
843912703
655431784
554516246
523086929
523898681
560429636
492441261
477678630
428317406
484736199
531460155
525826524
592918282
533949064
557046243
501179879
550317393
420797747
499867499
412139743
367077624
447089147
442059637
518795098
498782884
569603073
617029607
537637283
593345527
451606602
538249038
414968821
438446381
445017250
483125098
507170015
501134550
560338729
566290324
675621011
569398357
575541253
718469927
534101280
602136282
616172984
741825296
599105845
906060699
549362711
608420190
627651194
539645825
429991927
417430327
425778278
499743904
458105967
555380980
483378390
440448922
508474005
452887843
476967495
619574064
548937485
574451265
602086946
604952688
547575297
764699298
573346178
640893985
584235036
524046609
485633276
518745484
285664964
573053360
909014969
867465891
491806543
1028116485
1097609363
659830062
601166803
628574710
674160287
1534595859
853968048
691602614
2014597284
796967438
600346786
630633389
712412456
859668128
907073459
543848590
746117637
904064944
566025215
878373607
994212050
1037011479
593854677
828579646
778594463
597113844
781876773
735705294
718653743
1722103938
915541310
732184892
839941126
648112174
734553664
777760557
663849336
544153788
944007297
479333755
478243531
541197520
574456289
648626310
516334110
572083959
539210685
440960419
457538923
462497203
535591652
473045076
552587471
583873858
528250578
518393513
489488508
510051477
603781394
538090453
568229332
546774069
763170399
762900456
909756657
742748471
563864016
697624541
692857012
789024571
743617534
687829830
668809519
675745417
724679902
639446197
1341902608
664994781
724568576
828349661
439473472
546173792
1171373273
548904122
522506576
516175958
509253324
545358106
385197177
382773689
434327363
475637176
536565686
543882691
603767193
614165081
591311549
693726061
671986381
819987628
543854932
716717299
698527774
687831713
803898903
1277238783
915091675
824492799
881837950
1962709179
1032660975
444925385
729572579
685193036
607767677
767480842
459184387
307273256
322207595
469159937
490232503
498812351
506043021
507477933
469375064
470808687
420363485
544470317
331655467
433386430
492062699
616233249
634698873
748111687
890752050
885411233
868890879
555071307
1113381917
809930132
1034766567
546033650
508391149
549110494
560003457
527574252
683710989
543567675
572735638
418098050
473551263
502327806
517014574
520249923
535778107
495182908
574955816
573444401
648433692
640130352
726464125
658005403
666349801
575387485
716445781
593915413
1416573323
608167685
631322205
686252389
480873698
486083269
490997697
360723696
286488680
269936153
503274452
515820354
578280550
558818146
540642115
547530562
521274286
464578666
403434000
382103075
327978739
494000908
550910999
539135417
501220868
566225751
572602255
602273016
509904493
516511351
391944365
613133111
487807623
547222214
589461845
589544938
522418609
583196481
490933970
795428449
566454047
600598652
420700899
497745060
508288056
504091201
775798136
800179540
375522754
446595010
1028282492
519973169
592796445
565314554
544475373
604047056
568191980
502961271
466091988
677819888
543391876
629135716
434831375
511136251
535129972
479609192
413410807
584361185
489944179
449521971
524502897
575986600
632702708
505520742
467195885
409334392
501993179
336034100
412003358
620325612
652978522
532023077
624494866
609208159
650700357
573896823
580324697
469067156
298434699
266114689
444086319
504600475
554650627
545336018
621189101
610806656
548598585
701051836
574707744
741456183
430885440
380363480
461271766
431541364
477922204
522901929
495485110
490379633
506951511
482634919
514186138
491342777
378859353
408205552
530442453
453338227
442204136
405260116
442088785
509737656
449059107
506305784
465623116
484667445
444800088
458875124
474632336
483555301
464881347
544201698
468511255
494361046
462855353
529141596
539154290
468338879
522363176
619073118
656389955
801279006
810414647
858185392
510643551
482409548
443962899
670800257
582354650
300601377
461337931
472258708
525684077
553294064
536182063
551646869
628276660
561191710
537280854
539442106
468806330
363459306
376632339
475287520
433961081
477765001
556715576
552461968
481130510
548602663
528242332
522322930
572120969
532854175
587328753
556773968
583596095
618970339
566365974
610255266
590182559
326141815
389645413
460284157
448733547
517613198
552323935
534905995
488520930
572797622
569064162
490858138
422895855
495840344
505353109
589924783
501147711
486685275
742079831
807416302
718214936
736111221
769581980
537022191
784089819
715346762
678509060
829233459
831835401
700874418
652742899
654426719
500196567
1846738366
1917021108
803579907
422564805
453929431
508645793
481884828
475754941
531811489
434903058
508213010
467459674
513196378
469831013
461603327
476097347
419048260
488972779
572236793
521184496
478714178
455561220
456302090
469295270
570539694
462778362
541955468
438796807
421261553
482230082
475735908
524901115
548403541
561741320
556526752
529927017
539508076
479525649
499220389
615816149
345318998
353042599
469614562
408238573
419774818
438633420
491415608
520967414
537526587
549060845
533349538
565394800
423193499
495022015
500547702
565342718
463961383
511345867
546593951
612405741
502566597
466619237
555382766
550110635
533458699
525944925
492430475
726748156
725264342
832315712
697869293
567600121
850361705
474789221
511426845
474646576
465803444
183570152
344058676
368399656
488424276
488077838
503076988
490232062
453121169
492929021
462932609
467688972
596319916
454640539
487919800
472897564
481196408
492780106
538203288
495833131
508411172
505288361
472514313
500231835
390693772
423929252
485878955
407926892
442690674
461686964
459042544
443608117
445634425
539113977
491419152
482884342
562857381
495271633
523018275
491793722
381636260
216964767
570251967
658722551
803767022
660276663
648294903
673361221
670932330
675147501
722593091
715066055
441045969
509883376
546723645
584250541
530780674
581503256
554520603
670682125
612570256
796878493
600220274
516890411
493180136
518931860
499345915
532919062
506726669
446452651
293881660
194436315
279743828
510658723
566924786
622706829
590250518
634827119
616983013
582837758
569376945
636921269
551417920
493301648
518799778
508662174
583464657
634217707
619467945
552064166
620536196
658958452
499635539
480532331
470724067
499355126
469141773
459940445
450449153
470812907
465220058
385156698
332038922
319318987
189926763
167477673
459877964
483497154
521987861
516964151
548238732
543988264
497965989
446166637
473559898
512823782
393074886
438114769
433393961
444916859
492087074
476939915
482298096
509597076
521448968
515481621
419070970
551189684
439203128
507266736
539835840
473311793
507174413
526208254
571615056
529556225
425851145
461439804
504339651
741069719
580771432
691047273
649583125
683167314
604764091
622613697
924131468
707546104
382800597
885078052
486373270
516214732
522177798
624670255
524858846
587660090
477267132
588867041
528477749
586496244
515993444
550708501
536266952
505892361
521137393
485311136
492009877
474985472
488129551
463407900
474369832
369494991
316112306
316680435
507245969
516021560
508712545
535803798
579327026
536711264
559034852
594754031
591051021
627317081
509692353
458503669
490376565
483065434
500255512
490184567
470611645
442961841
510089673
480778366
462860098
494310233
505939388
639010685
501578908
527588540
487037375
544754737
503563965
487743710
431510737
400552168
417412867
378740397
385346498
400453579
387313022
424555307
444172501
425158267
504899250
587026596
619948523
546655243
525518854
550119504
578612143
444817152
534935695
440919699
394278758
316710106
383247357
458743454
462036232
507563401
463584423
481985163
487315350
579489779
559721403
543608710
632284349
526337122
534215361
529946007
567987868
613840122
570757054
531488129
523475873
645428680
695088508
726162944
688371915
738086818
571522216
706333775
627833922
436257787
1358338378
597297773
466793651
489757475
518021925
479194052
560262598
534371237
513860236
546611874
473361818
523320556
500209995
572384880
549865868
584747493
614348038
546797203
584738414
812058512
586689711
585222796
492166009
502290878
567375798
535352743
545340208
521241758
648154546
320809520
503533353
642015916
686089883
736315687
761521950
756956124
859876206
863825078
882218169
877850412
871007358
935098082
942637114
963236221
875852379
736310234
1008089437
1076720137
911585186
1091712236
599020169
802864122
415647521
502770899
814979312
756551304
351665394
237460608
295403624
319575940
489841586
554806871
593454810
555320008
558632678
570229056
566652397
511301385
421286780
416769698
528913813
581404672
573676650
597277396
615913589
633507404
639991361
500072622
519643898
566977108
560729615
592539890
626801290
628988693
625811152
639438171
604626104
459801202
488569928
921534410
276994448
306683270
397958923
431814945
445862639
431640794
468697111
521942227
543264881
546428070
632015187
486835499
548299582
608815569
536319133
521848015
484550766
538637122
441811316
395867068
453312949
420632380
384720999
625072444
606716383
633418802
599628705
531238752
654950934
472554587
391184954
407060786
499154188
381132419
402793677
459508985
461655197
421516390
352882896
415091197
405833409
277718475
209569282
482443994
478311138
508154756
469787177
561932011
540566041
554015286
619591741
568739199
526380872
383758244
412334398
431795710
484180703
471732710
456915722
484542722
424121061
441093752
440832980
467736113
408312771
452306344
466257319
445564861
530603690
492275424
492042342
507485254
466508793
354708125
374983862
400677188
398649388
377494135
386672697
429522111
483926313
482830208
502723413
462956481
493833028
637696352
545656778
545232749
580685388
527092181
539826050
581141201
513558199
436716267
471321308
541752274
543799875
529527311
522278862
557645020
563330691
479787478
542601201
515806955
556072888
501471451
463071970
560882540
503696023
613570489
638951946
632203347
656438239
681332889
540789642
365373120
386030496
342780412
435932995
550644190
536788669
551641460
600414247
526695900
520630508
595511978
514399802
543623801
469948983
472789171
405421940
433765799
456379796
496633038
509302666
514999366
554843548
577101541
466141084
509632997
488841192
549948257
470253425
471685301
545539142
521875474
519439336
467788256
558234767
480818177
394574987
422105714
454223653
549037579
376934384
467173910
484680566
448294419
450722154
537098555
414847878
433413798
453595568
532065804
465958854
395737274
424644300
488414621
460839227
447867648
458118953
414212190
455838589
461212651
509519650
518824063
536149404
668684742
573141118
474970219
527974078
540890688
535465948
513577368
611357064
636212349
536677254
500351303
487968436
522098203
535251653
544419682
606236216
455088490
263409784
279826493
277067967
249018012
382788206
425886562
466210137
430586456
458853496
425957490
452419538
456174261
497409213
479287641
474824722
502972017
488682076
531703909
564551900
537730612
766597242
834096782
807552143
524784602
546335363
626390287
604980221
619657821
644482353
1154928407
495509759
508427518
516240146
533938904
404130410
377246367
356790569
291086073
220448047
162257291
425538014
515024285
515428149
529117344
497246608
514677019
527191205
454295996
476962883
494464392
218231146
239811845
290205744
295448629
350019393
385251783
406830038
413060038
485479628
424596894
401948886
460019738
366940933
382994773
343766937
403646139
420734251
427143674
418750457
341559361
364852277
374806144
376768390
195905630
185604305
88340642
95685855
104221697
114265290
150512194
158471045
160519285
446830054
471859207
476852687
502419658
497186955
503159020
514791628
540092496
540690245
158305337
467125640
477244195
479002574
507122426
509457418
513169917
518595746
523119963
548078651
342074013
342231762
395136164
450217929
499528056
500742325
513095060
544184399
561539799
199937951
203639050
212357567
285932963
397147037
569878001
642952698
640569146
615123581
660456384
687426942
701944146
637223173
521608336
464315408
410149867
407852734
421572001
439822161
439108772
471881658
475285844
514930158
470631504
486820840
424364053
530197064
557818873
462502737
629180016
525520866
550774971
439797815
529391344
469891389
438463408
380674869
486271321
342208830
501619805
463875879
403459341
525559154
443924599
499601844
443288128
434566897
442019997
484600675
510815169
488644191
491396334
530655995
550612271
505404723
554640448
509042998
529283956
375470103
426699638
477169842
432885651
453119121
517858757
476077458
496983831
386869974
542259339
524829408
376735868
407279461
417814817
445354783
433437803
387996773
388864845
394620549
254732336
145696905
265493123
491032320
464153401
523950943
525902704
531216306
538375518
509085090
438316244
469578052
399522296
495067352
501475330
542625361
535434867
534385441
542938553
542544069
520610263
538977067
520042032
389945104
479209893
463317003
500916969
497469626
521216157
521776875
493894931
491750011
416541847
310822521
351476821
391538270
426761820
471770691
432285680
521255456
500116371
371646935
433790143
294983379
283600748
346427060
420816365
459675550
462711056
511612220
450312400
482314781
510883771
563173986
721233306
635295149
838203910
635424475
691883672
796808247
1017418782
798302640
847884522
468734631
893915810
1348208624
769422833
771000507
825635009
514399610
553574885
502469504
602457249
463779766
258676261
302293188
417112039
433071243
493291895
457366438
526861546
521983031
502224969
503417598
501547425
549376252
552555738
618802795
587105856
609885245
505600211
482088969
534767730
488507758
401639180
444388578
407130168
505572359
495662109
515435998
543340430
508480321
451527508
508298031
474581225
470763410
350090157
450852100
456994190
434629120
426951207
490521657
540012429
497681798
335550900
445107450
255613293
125344134
293504161
357151042
493065192
516269425
506951755
525943788
578971328
553470901
554776205
521644022
482272587
942499540
604203254
519111739
482319309
513989419
534143987
630485513
648485414
333272886
320117925
338379255
355393481
432259599
474878835
449845320
465789711
743965140
649337400
710295154
426076596
691452757
392161887
407298292
422197086
375311909
454200777
327631456
423676991
415395116
463100389
430578940
444593433
418016809
487527944
460509102
416672091
460353580
462690345
456764618
483663580
469293917
486137249
533772235
513073667
507708367
512347279
525915838
528629574
426815501
524472004
534024238
482320293
510355483
473972151
472978420
787408090
563359833
457939752
469888377
629003805
475849573
458609374
431279805
362464194
342975954
260717118
272453675
378178966
382611012
405892478
550183120
542313728
588923641
587690757
587634278
937066336
535365028
599043190
630255783
405051679
1007170527
550680228
530483265
535781358
500943408
340336966
340194676
404070863
354423248
415167790
369241643
394909856
435833349
447555133
476146078
430483982
439657182
434943770
431690406
377295901
402447077
481779728
399080126
498924319
502086493
478919323
496896799
497758677
564642079
473112408
419414391
543984191
467241858
422705675
457042268
431761986
427343775
462000089
397535737
434532180
485335666
484867689
527674288
511400992
508834504
557319558
519524378
556209944
522675060
569223699
489719582
543956203
563592276
584301111
476321881
472583441
497284283
395134327
410773826
387485519
340517227
340780240
313826378
342393810
356910975
393211356
460599850
421998623
536137134
495897489
635210795
617383439
638612113
571829805
491241598
487943399
451959759
548650293
486310144
485716412
429930307
443906950
446958375
478324579
429258042
490953273
487025561
452384411
413176188
408513149
377195669
446004654
490296645
485721279
455675210
494630812
455393996
526287680
527516918
503778234
441267343
455735322
502088852
447590959
403912550
419322968
423709388
447675991
496017535
545990990
548117141
484481302
527399145
533501153
530068139
448395488
425100852
473522852
567805442
476036247
505838702
500698827
530592360
544509779
492165228
528039609
367934729
414369976
399313038
326798593
433429765
420316105
472095529
463859767
470662510
483377076
464019218
473646343
442798407
406923629
364744387
411931943
419902222
443316862
453123232
434759453
470463219
497426155
550375445
578903886
568513457
515188487
512636711
564403784
600152995
576070293
465471052
509231053
508102794
497171700
552585304
528051281
538657254
656134677
677328230
602201652
627657067
783919078
557325796
469146098
369227157
364673035
400279609
355429538
348400002
364393299
409050886
444388538
404983415
393261391
347162758
408168071
435732178
431420324
516656903
440570618
537775794
547795811
465143664
429979881
479393902
563505645
548784474
477051531
483861084
534856668
580438698
528753756
491246300
592768084
498957082
608752779
482386813
455790921
470085317
417668522
435083432
453233968
529173034
544976849
599857534
474131916
521939499
472701469
431040783
420137514
365668311
338881913
305571984
371311950
444276359
522717281
511344538
509283113
515170410
522852368
504864348
536450875
454946185
506527403
466940874
536288597
552237231
517172892
555407215
562908515
503650203
561160966
519121968
506106713
520121372
481736940
506558088
491330320
590793008
548389072
526046278
560448072
437699891
353057913
420116492
304513328
389299571
443036580
439751545
440624772
477658335
456864046
477028375
463472169
362175760
367296048
354732643
438594389
493669737
524334548
527097770
526324455
466181037
518777118
490816059
490317375
468997987
429884645
505856337
498837068
484490567
516706836
556645669
549641760
574000974
507811458
405985592
462643568
457373921
461063550
466490467
528389079
533581757
517235780
518050568
498980593
533047885
499720606
461881834
355104445
364029467
432157814
459304146
458640666
428438465
483875207
555498569
534666184
481929198
551682964
500719745
524327477
539192292
546941268
579457506
513110868
609521111
627820574
478965249
494331799
440503368
508813952
447070281
487104279
478500917
470976803
451554283
454803067
478223440
520048616
434720805
451975625
453377667
338091520
380144474
393363019
437890647
447438528
447305400
477581909
486109888
472691540
494292072
508571221
524450910
576128186
497061316
982711420
591767070
594840793
594268252
397309253
662127694
448285810
465615169
454690864
488537975
404095025
417903633
444888976
505751840
462026023
482475437
454974613
477125806
460801581
431173646
382199316
373523160
396792714
384298358
458425972
483478988
515840110
532068372
456367606
469996274
434242105
435794046
359606202
362721904
530870406
518858549
475475942
466019494
525501379
525493067
478991653
430909720
492987650
454567215
481032729
451195315
518851594
573019278
528777475
452344667
520283399
545331010
551542634
521899705
486777106
546654077
560489200
482853194
532743376
479572107
534773121
477866404
487410643
509486147
378783991
340990207
324182329
344077278
357205977
425714045
389263525
471640041
424937727
446029111
439038733
451625223
518552941
493601819
509243384
509987426
424639495
450557215
484181610
505619551
493318728
530255787
513752090
473200486
470458137
481389207
473016569
534582883
492989913
636301106
442869510
430934138
384629839
473806228
443506767
458032891
417904962
381463183
421656451
321312036
279063409
299412124
321192288
330153749
395856640
406273792
394652331
381653390
452044824
396024291
403803819
377003650
393406884
461129873
479082016
492072350
507281184
489596835
530159851
463387609
531952654
474936531
487215254
402603051
448145383
463378179
433293868
449181826
486948261
457198337
455262831
453664614
434375105
496253810
386662614
462985835
478960314
488577957
516178239
554189208
471409454
392406556
402587219
322613274
267640735
351831325
419979365
428254823
454847971
494592536
526529379
522927161
470645408
463485832
475101484
401988408
418454519
432738094
477496955
473933929
520302273
506734898
498981805
457536391
510018851
407088148
489044656
576832411
504890720
517701028
467921414
451523666
512255144
462076871
478558485
618109284
555752956
499936752
476789982
476730645
428836124
463802897
395080311
385952399
374948741
261738517
271516896
397562168
503590956
489596679
525826671
429522323
499047930
479603716
488924580
486659644
507184019
388485336
488702128
486310583
482584793
438313206
411982817
467954547
451633371
403247340
463139837
424202676
439705963
480579349
462268524
528277631
512160530
521227177
517863647
476639469
538736225
350592796
464420783
480366414
499012787
472222466
521377770
461504402
413658401
500480048
307356343
317495367
192383849
493676488
494405192
507602560
498939369
475806294
479115947
481294282
485997243
473905290
366265454
371938525
413114070
564417319
588406851
611704036
597695309
617507326
624158344
631558637
628382650
280200105
316727186
437730131
455740020
453787920
518048780
606048023
590824322
619269978
588094165
608140361
520657726
332173736
328939234
327324809
269107593
352836667
393654260
468498970
482461239
708995187
809563392
750814687
638521684
594367028
811881295
784854400
817928440
476745995
491803071
415394681
493791961
472654868
493127944
475683220
511292325
512153049
545547701
557879280
480817863
498000483
463834606
485402214
494262276
473061866
511588404
469607222
343222715
413983711
364058630
202367301
369390282
366795450
371955270
398367596
390110419
410741432
440250134
431123853
334974641
330725341
345566214
349600315
327698746
527518859
475472881
577770968
526573757
354044502
381134820
359437654
308228375
294701486
322546057
309923291
352559390
296693441
616469372
610002795
385093733
333846154
363610592
379973240
206969422
56211329
232200777
302857078
310882392
322074641
307142452
330678603
111189965
160327609
195488526
180244453
139320583
63680504
85917555
81192199
101146340
94321455
112268267
119642678
55103338
53114796
110846208
178107514
56707134
