1219369119
836815849
935517029
1191280285
1121086641
1217030858
1252209537
1096133063
1525789182
669771620
676862296
810069890
839081495
733508734
724541553
762005302
870358023
1134965009
607938590
614846448
586375015
856717754
890376696
979116382
674148476
3488918879
724898936
1146980490
594700184
515279814
622744321
941224294
910889885
552838350
640187556
695634287
409928368
583832165
558446904
441994081
430545682
449294543
677771555
684810737
688404893
525938114
827738750
827042121
837750804
789043635
815500699
524515259
749403676
1584233643
804438492
567088211
447762645
511232880
760629146
349454626
393656510
538936181
1054616579
561244615
393897403
522544679
769519111
862656212
634628600
632357221
443738020
875302488
886116001
555764992
763375384
818228149
1277160393
514299142
1009389494
429978145
773628621
584817122
1331345587
493494504
610535663
750573550
680619081
807501840
647825452
798991996
386708900
470223187
946769889
812660462
594729515
649054369
2975675833
2709299756
722202233
536875006
865205805
751192999
812002254
943912989
2343548341
573329875
866240674
535525075
743239732
707039340
681883776
1085798816
895796416
1251899904
573892307
774602375
801973014
775666386
991720341
638963095
645848591
332649522
542204216
989351168
503496430
1579784905
755222310
552369287
814922255
508336812
638813355
390819740
2468937065
749006623
751298545
795567904
783950325
2351420810
602839760
762749270
551212140
1755657212
663480253
922034479
610334360
558451902
675559706
611521960
461076523
504176013
683431545
744017106
1527672553
765062850
793267956
701836752
697249466
496848591
675548965
774800847
706905232
947539205
1400288640
566732472
595303658
631170355
3101552007
870428290
695414176
616179726
695285009
538583665
890925199
901288187
544138402
999676193
531140654
732889351
994332003
964047506
1063731001
705765153
691883616
637910165
619642362
697168741
573196506
1916242081
519010121
587868944
747953161
416760037
299548296
931963746
992027485
671863558
1164598458
933548008
231201497
733269270
809941815
567421349
946655263
642963548
954769195
1170948735
828091389
648209400
628657713
2316911696
587162501
739072481
772900464
647356457
878540844
1467933994
567904794
1142065402
906684325
751978332
631694398
664741275
616495991
1059280707
879008736
673878443
679213279
708166578
796023718
757738224
798054893
972672091
697489821
1705901695
575781457
650033247
645437430
1122376599
438061889
975956797
728701360
503540287
663704619
445231886
647079799
1879746841
879253179
508993734
2188726795
1230313275
558464663
560449379
705173839
968313084
803212183
668720285
791242842
599854559
709346713
805203663
802034442
483454928
541304078
1048518004
726178033
1207434098
689364389
636869226
615770364
677288086
657143702
875399814
886913052
779636752
804435679
634456158
608095548
660818118
767261816
622595316
857020696
678473482
903225779
759217554
307624317
1071510111
698391629
986453438
770182017
791240838
995726613
719252829
1002921093
537484712
803838824
835700086
1595801561
900091824
929150559
594765038
723215246
840433176
703527301
825370913
668207684
904967839
972959899
937525887
1053332235
781237582
607043789
6479254009
627168292
713161460
869057827
688337668
710827161
783905645
967934198
756175170
768501183
822193579
653464333
828890820
735691141
717130501
853825306
691198851
779756008
1023373427
750607905
827795436
2135647527
715564480
1179748341
718719669
964162211
761175013
691477456
721705638
1174646908
829636125
734425103
608002812
815106125
807960061
825782065
1012621741
862212068
1107901407
614497337
912342865
1027763184
995563003
943063224
821115867
756876201
1947361952
813456204
571296679
1006559616
800523327
660075448
523675625
850315042
531520916
1795220896
786780440
426842941
759577386
871382378
858771920
742105658
754546934
1196992431
716818177
911769617
578581842
561301642
571721450
976019656
763335615
778638126
488728802
601025215
873879003
567232330
650051319
670945041
1358920126
684648164
610551897
634314867
643581594
1057551294
767716479
732484121
618489671
1187152031
542073950
1681012029
4462998833
398775389
809148720
779993692
485682018
578053165
517749738
607101672
507401012
476484402
553229054
626230431
891908099
912556234
788117290
751117975
586357545
668868172
921002364
754981072
503255816
580960639
523469211
385338682
333448386
556688386
550945118
599389769
596115426
564345137
585504319
573298232
635544693
515491826
670097536
503703430
507372666
546679850
567450997
495707329
490672124
554121859
442578487
554980883
645793434
703673384
688861727
793502652
735765495
776037876
671943584
769050417
898727677
547379845
562467455
540945732
572688315
1367763459
580295337
798592566
725235347
637145379
479736123
506726064
596955867
651829272
692869304
501960129
568205624
606227034
628820703
645009475
956391911
578356094
581931531
832258250
654925094
554009996
522648125
523297196
559944991
492066059
477192779
427923750
484246092
531135940
524735419
584701236
533521956
556619861
498549432
549939248
420361511
499563798
411692550
366470543
446782467
441580046
518240736
498458322
566803999
616630223
537346403
592822394
451148620
537915096
414437912
437964387
444502674
482341937
506392599
499520373
559695935
565415261
674505652
569103935
574848275
717915512
530565447
600863856
615658843
734964456
598461382
886970372
549072717
607992123
627290495
539200225
429541461
417062911
425318793
499470832
457719651
554287128
482838798
439718667
508044967
452473879
476577708
589326903
548528528
573965212
601705921
604532363
546909450
764381247
569296427
640066830
583359533
523193101
485248157
518348073
285268399
572381417
908519355
867021423
491433264
1027136243
1087815970
659364725
600883306
617698959
673744674
1466978521
853110870
691216777
1979830937
796104575
599982600
630257790
711390250
859185154
906566448
543476146
745655988
565743251
903490670
877925207
993619873
1035882810
593366429
828119347
778109783
596701816
781275765
735173566
718272485
1706942697
915079294
731759202
836248667
647712400
734130554
777275501
663565107
543816717
915051245
478925746
477916820
540659511
574100245
648106787
515891562
571254700
536479212
440652505
457108607
461726689
535171856
472610703
552168252
583587176
527751559
517909220
488981466
509706179
603281917
537230537
567796834
545569673
762013561
762516209
909364506
742342626
563381371
697227413
692572992
788739067
743186804
685245011
668446659
675458125
722800151
639088953
1207957460
664574817
724234022
827878150
438995370
545491925
1145086418
548191635
522212896
515739661
508956286
545054637
384105230
382380185
433939718
475178093
535982732
543418091
603304704
613870078
590892821
693289142
671507586
819191931
543448880
716138444
698053146
687452265
803470918
1267165680
914495117
823942080
881437810
1948088507
1031966904
444635524
729300349
684925640
604813754
767243723
458137734
306703847
321733280
468647441
489943502
498445953
505612251
507147625
468793682
470409342
419963473
535907062
331257413
432990914
491648021
615855636
634190552
747723827
884389724
890385082
868272430
554574901
1112458864
809093794
1034186605
545622855
507940578
548727268
559602444
527104750
681288628
543114568
572187348
417709712
473166909
501862542
516703012
519905647
535360785
494937313
574396699
572970604
648038247
636168334
657141241
725891188
666096918
575035333
715091726
593465311
899353361
607837768
631099470
675049510
480618943
485770381
490689443
360316367
285581428
269524277
502887788
515323600
577885677
558330417
540415506
544554151
520893277
464183029
403076817
381692429
327503068
493607584
550548094
538901128
500736190
565951469
572273257
601295270
509479268
516121614
384190195
612513829
487189634
546837163
588913192
589146321
582956767
490679065
522055647
733372782
566083954
600284909
420284716
507988369
497279427
503693841
775423982
799815836
375262806
446290493
992713530
519642064
592448046
565059657
544086298
603532728
567747846
502578152
465748872
677166417
543111794
628776597
433805618
510751474
534554355
479172454
412962244
583975403
489527773
449262755
524187153
575369594
632309768
504926088
466815997
408989468
501763994
335581652
411564222
619854006
632866212
531583217
624248427
608644037
650230587
573640825
580011507
468537783
298060214
265692531
443713933
504209620
551273311
513857262
620704202
610452728
545620012
700462460
574173734
733447594
430483067
380090125
453831849
431230709
477563595
522503598
495115223
490017311
506606931
482371970
513957414
490947536
378483772
407797070
530072534
452252032
441950025
404771330
441845098
509352871
448612275
505968552
465249419
484329910
444112601
458441092
473541351
483225552
464292366
543614019
468195488
493981795
462599362
528782135
538441833
467905451
521948466
618643135
656007399
800855299
810045248
857963935
510408653
482158443
443696148
670248032
581500797
300113194
460913737
471895288
525320581
552963659
535915936
551294898
627116330
560837374
536854113
539188491
468368471
363065603
376283913
474939968
433543201
477383017
556273651
552171119
480232758
548142069
527970281
521016674
571650762
532074548
586484015
556403597
618757000
580644922
566159772
609610949
589809455
325645836
389291847
459580519
448480988
517238458
549287653
534494815
487961637
567959511
568739104
489859606
422524493
485325854
504776385
589519650
500882322
486241479
741712314
807121779
717991664
735862743
769209016
536661618
783303402
714840266
678125676
828806905
831600568
700603571
652527860
654206441
499823717
1763424365
1808707848
803201075
422270082
453580879
501603557
476746769
475531052
530886940
434578503
507769852
467017700
512817678
469605874
461379225
475498341
418521661
488568659
571925125
520475047
478325571
455327924
455708776
469012773
570186218
462398297
541582760
438484572
420896695
481738483
475058668
523807266
547255140
561369238
556118444
529568367
539105599
479287315
499000102
615202163
344873046
351570556
469254395
407869760
419339578
438294274
491040223
520620782
537181724
548800907
532979973
564576609
422730860
494563198
500179099
564859709
463559105
510975475
546253943
604128812
502197515
466280866
555053466
549757908
533090849
525074458
492143896
726387858
724913320
831825338
697455069
567348744
849891856
474375183
511098526
474406017
465390303
182302225
343682484
367984963
484097894
487671891
502694624
490019727
451693334
492594941
462621886
467235610
595795692
454159520
487282000
472544867
480978038
492482448
533955831
495627130
508197928
504838917
472215049
499982102
389626315
423693233
485646917
407690894
442407195
461227453
458631593
442905954
445297356
538872690
490623191
482625867
562596320
494966605
491590527
522667205
381239779
216512796
569871123
657661338
803426185
657013187
647961338
673054547
670636089
674895879
720316604
714842407
440663718
509495838
546505328
583871644
530420832
581176013
554143445
647010942
612247232
727719177
599376899
516399449
492862079
518495381
498882610
532373247
506350421
446110912
293458066
194036368
276558640
509785043
561868765
622296752
589846761
634495495
616719892
582452019
569028994
636700921
551012316
492918056
517689533
508243992
583069438
633430270
619192855
551849075
619912182
653232084
499304355
480178682
470345499
498981794
468804281
459591642
450207934
470591203
464971149
384724692
331546633
319069457
181584207
167101456
459485120
483151984
521760957
515939561
530103015
543769469
497599768
445809202
473277965
512576462
392646164
437669313
433040317
444541420
491873478
473782847
481971559
509341082
521189381
515138782
418703883
550401651
438627375
506910430
536908452
472897405
506824870
525926070
570823392
529192984
425468895
461042710
503999353
711942366
580416239
690647402
648807180
682438129
604372570
622207734
923313230
706949674
382496715
879082096
485317297
515820168
521830401
624297425
524484034
587088919
476846351
588541476
528076316
586057775
515601644
550350988
535710009
505537181
520625957
484962114
491787488
474684975
487538593
463043731
474054389
369260361
315486410
316329876
506668148
515638294
508245540
535546490
570199423
536364744
558582004
594254195
590491486
626949809
509274147
458269837
490163252
482711977
497580666
489812522
470288384
442591454
509840054
480412518
462356927
493477182
505563598
614767498
501102358
527358871
486800818
544445974
503330764
487525952
431094441
400284894
417104405
378416465
387116379
400251405
381574878
423869001
443764805
424793863
503771174
585825293
619269466
546307663
525291555
549908801
577898148
444416830
534654137
440657667
393887223
316356229
382462650
458367646
461809611
507212821
463032996
487031764
481657515
570251286
559081736
543092951
631808779
526000957
533994742
529593934
567664891
613488618
569927622
531148926
523023388
645086127
694725909
725549453
688042365
737726678
571169813
706128063
627426263
435932834
1164376938
596858730
466305284
489357644
517638727
478821124
559796741
534016034
513598908
537841609
472970115
522960707
499752601
571915855
547008424
584306878
614048806
546405679
584342977
757879531
585776403
584688426
491728468
501968254
567066965
534587242
545030024
520903297
591059499
320471422
503183463
641665843
685743164
735832061
761130761
755776189
859527028
863494354
881868259
877473915
870643010
934840534
942260513
962921969
875452262
735923493
1007642338
1075379555
911187758
1091042537
598709169
802519619
415298768
502502205
814260873
756269379
350957148
237047968
295051577
319251458
489477349
554442349
593083929
555028746
558429788
569920945
566433613
510919908
420987079
416571742
527704186
581019179
573378032
596960156
615498169
632828760
639706422
499687822
519343646
566049935
560378391
592195790
626162050
628278679
625494996
594585745
603084199
459577330
487512491
827198382
276674113
306359964
397647945
431463371
445332719
431295466
468386951
521389001
542938290
546075485
486592803
628892487
547946578
601276573
535916407
521640470
484046308
538421769
441449289
395462002
452962374
420088547
384380504
624574657
606463110
633069991
599429591
531036047
654608581
472199128
390858399
406772419
494577272
380758142
402458603
459120464
461415613
352697640
421178742
414764632
405611526
277319759
209245646
481594773
478001217
507897446
469423657
561656676
540220829
553791339
614870043
568168824
525933231
383300308
411947399
431473245
483859837
471435445
456639780
484306080
423910525
440774301
440505512
467364019
408066266
451985345
465914838
445354139
530305250
491652179
491747016
507031151
466247752
354369043
374633020
400269984
377258078
398369587
386309183
428183446
483516207
482263250
502385829
462523628
493458943
637296129
545307811
545055111
580356498
526770493
539484723
580766488
513273935
436381944
470982596
543523263
541301019
529200310
521925695
557235239
563140890
479558008
542403068
515563256
555868381
500519499
462775970
560547417
503331342
609880654
638680556
632008420
656249088
679399269
540450409
364225928
385724079
342499118
435585990
549909765
536441297
551326604
600035404
526480110
520159302
590136601
514084820
543381761
469611503
472553995
405091949
433457447
456034753
496160672
508956460
514667051
554637938
576817456
465835724
509317489
488454015
547399475
469897790
471104865
544967053
521638260
518654104
467497235
558040784
480477538
394115224
421878527
453965595
548828163
376601730
466787935
484333689
447718709
449279759
535716787
414609316
433146080
453279174
529314041
465670000
395409168
424329159
487945264
460493694
447555004
457867717
414008100
455515599
452149602
509184363
518446461
535787768
666837412
570168476
474571945
527046635
535266562
540662235
513205877
610637270
635962827
536475599
499393155
487578969
521865076
534918227
544194983
605923220
454605833
263093085
279587178
276872397
248584947
382434885
425566794
465869443
430286305
458524016
425751001
452131640
455647229
497090294
478959990
474393115
502685655
488370048
531423597
564175305
537374937
766204625
833854443
807220304
524520358
545992088
626055470
604634570
619327635
644243393
1117400884
495130022
508124947
516008137
533736738
403914360
376887798
356495249
290848990
220238308
161874678
424037613
514730177
515234164
528832987
497044524
514489329
527006732
453999165
476464564
494077947
217937440
239513826
288589823
295269906
349667360
384946536
406546187
412854677
485182156
424300869
401714899
459731088
365970564
382723162
343448904
403336438
420396330
426977024
418555466
341160747
364520664
374559018
376539996
195589295
185400332
87987156
95376193
103851046
113797450
150142802
158194905
160283825
446468840
471522867
476260835
502159865
496871652
502948067
514464704
540458678
539670142
153478585
466778001
477019460
478803092
506823725
509247799
512950032
518368540
522690969
547637824
341813649
341905997
394773117
449786075
499180878
500451465
512900446
543683329
560399187
199596319
203428379
208796501
284966724
396805653
569558535
642510463
640302610
614907174
657150278
686435723
700930210
635543050
521246872
464009605
409690917
407542806
420837808
439498422
438774251
471566720
474959659
514601871
470260647
484112717
424043578
529903807
557534765
461904577
628844439
525222665
550446095
439526507
529109462
469522808
438052677
380302287
485954041
341932987
501284889
463494967
403261561
525365498
443695290
499375385
442561234
434217691
441598888
484288730
510451767
488416074
491221815
530451930
550274232
505200158
554117101
508654789
529027326
375151573
426389901
476911691
432665503
452946209
517432811
475819965
496590042
386513124
541952876
524555288
375733995
406983492
417586027
445137918
433138146
387611647
388660856
394353573
254501260
145307134
265196101
490729187
463833533
523439415
525731482
531025082
538156145
508835051
437997239
469384574
399161623
494762105
498490956
542370576
535122306
534208972
542760913
542336816
520352933
538654496
519685261
389613715
478724002
463110696
500566801
497282638
521030161
521568324
493696654
491568570
416074092
310530317
351222621
391235901
426461479
471440371
432056684
520957852
499899383
371403839
433610685
294681455
283280432
345879216
420544539
459383428
462455029
511140056
449961391
482063891
510624069
562884032
720917228
634971418
837864739
635250683
691637689
795938752
1017090186
798088807
847674076
468428509
893586506
1347596531
769129181
770713057
825263631
514076279
553311659
502219499
601992774
463516089
258332476
301969411
416808892
432774377
493076330
457187438
526493401
521095428
501989859
503168432
501120871
548982063
551947936
618624021
586855996
609134254
505408383
481847661
534574703
488279121
401351351
444150123
406857807
505262889
495309060
515229224
543129675
508232434
451322067
508012698
474369451
469683039
349668397
450560474
456730390
434442328
426647299
490216236
539690861
497500566
335210553
444861971
255283644
125001457
288031252
356887666
492729964
515914452
506730518
525661102
578022163
553261271
554413310
521378526
481977943
813208664
603924425
518916367
482122744
513729161
533953926
630235266
648001557
332991130
319758394
337997595
354896793
431875593
474605902
449535330
464388031
743067689
649156658
710110640
425788250
691137847
391886699
407058248
418398855
375030377
453890114
327345528
423391792
415059812
462877821
430372105
444370051
417746109
487263203
460228842
416475994
460022162
462375206
456484307
483415855
468938766
478690822
533472613
512872395
507402797
512139527
525659609
528339528
426549066
523970285
533668978
481963762
510083754
473687843
464982824
686945340
563032513
457682702
469690022
627290989
475255937
458303134
430491122
362253340
342670934
260404668
272145067
377904977
382433626
405612425
549835385
542031568
588669015
587511922
587259626
896136891
535083423
598823997
627557639
404345487
936583055
550273170
529954871
535600226
500701271
339970392
339895935
403721219
354201656
411971343
369008454
394699643
435573889
447308847
471962581
430229369
439381532
434687404
431429867
377057120
402140419
480558567
398822588
491848992
501805795
478650384
496693221
497500910
563385841
472810361
419081866
543612568
464672598
422452485
456632846
431467360
427170083
461667960
397275535
431943336
484935479
484712750
527419715
511083615
508586204
557040855
519361183
556048803
522422369
565617779
489448896
543658646
563307553
583997751
476118299
472417089
497056504
394846636
410479026
387216584
340193414
340505498
313570314
342099708
356579175
392972340
460316804
421676385
535464335
495591003
634850765
617224192
638401505
571557598
490936784
487724620
451647358
548378648
486030662
485347305
429641586
443492593
446750076
478139986
428687839
490655310
486727261
452102823
412889383
408192413
376936526
445694318
489907218
484598256
455229342
494307484
454835463
525810451
527205069
503437569
441004113
455310123
501722655
447209458
403660417
418965415
423428944
447332671
494746620
545669058
546600394
484252691
527240691
533339241
529874038
448132716
424822849
473254741
567508792
475236034
505576372
500359069
530360556
544283750
527728078
491902916
367643217
414191034
399006642
326506518
433156899
420052273
471789653
463480698
470243318
483201538
463840822
473470750
442480451
406575776
364478318
411655694
419551645
443059947
452934454
434431463
466466457
497111401
550124259
575977201
568105327
514914665
512238820
564056958
599824024
575717344
465009255
508959187
507836908
496706461
552257254
527892406
538344649
655809076
677046975
601365460
627322808
744275784
553210517
468847998
368931528
364354552
400004783
355159651
348143507
364095303
408789116
443922346
404678689
392951645
346890950
399076719
435450288
431119778
516487823
440292642
537432711
547524369
464191497
429728188
479186377
563199176
548491141
476612515
483690810
534555739
580062359
528374711
490979649
592394008
498752322
608506997
482125261
455506778
469905466
417391596
434839924
452953977
528886381
544631409
599548694
473870808
521679988
472518042
430669570
419784887
365390416
338375162
305231938
370997724
443933843
522360227
511136916
508994933
514907137
522595558
504229253
533370685
454660209
506240914
466632135
535767233
551653549
516878445
555131101
562630022
503454187
560979662
518835094
505817503
519795985
481461219
506224820
491010240
590483662
548129969
525776045
560092160
437343246
352775577
419918302
304214193
389027538
442747775
439481822
440000541
476876206
456606176
476398596
463186371
361868893
366860842
354395641
438339079
493330561
524064620
526873834
526092003
466001835
515880741
490593483
489901600
468600036
429562151
505493393
498556595
484286376
516517718
556123246
549436828
573815015
507511469
405701822
462432742
457090603
460830227
466132085
528066031
532939887
517026650
517787929
498700636
532243255
499442946
461532337
354815249
363634763
431899030
459032921
455852474
428171266
483703447
554803004
534395112
481564584
551401620
500246718
523992195
538996876
546667596
579201027
512829957
609118248
627473681
478681022
494043027
440223864
508641213
446904377
486806935
478069386
470714701
451407356
454543415
477233876
519793879
434501866
451788491
453219612
337798161
379881313
393121441
437613144
447159566
447035644
477302584
485937021
472532902
493972525
508316081
524263453
575873503
496770348
869084865
591487612
594564437
594088722
397045139
661684040
447977762
465243113
454466073
488257483
403788148
417639561
444616350
505412485
461737913
482161630
454727654
476695289
460486842
430895632
381819282
373236593
396506648
383942442
458100874
483146359
515552554
531699215
456192238
469685006
433958978
435487790
359285884
362491556
530595301
518478854
475299693
465780417
524429375
525338419
478723822
430716561
492695051
453979399
480722926
450890228
518568186
572710888
527934406
452045757
520029903
544984677
551353583
521734062
486505081
543070826
560186497
482538709
532564493
479396699
534601663
477626260
487204525
508958292
378523917
340717044
323908423
343767164
356960789
425419175
389004422
471371286
424677816
445836723
438745849
451451381
518232157
493101015
508974796
509809825
424367529
450218523
484012216
505293578
492879324
529939001
513243981
472607362
470176262
481201100
472771512
534282574
492817449
593429323
442549583
430654313
384383706
473534318
443343283
457853498
417688436
381178215
421368799
321053833
278737522
299138038
321012700
329830906
395651388
405684743
394479153
381477156
451376386
395754181
403539559
376746091
393056200
460827279
478210903
491825570
507082830
489358799
529982675
463228473
531779435
474676577
486845190
402306429
447738047
463038440
433037570
449020559
486780626
457040248
455081140
453355939
434198019
496056758
386400778
462699276
478770230
488117312
515921124
552926971
468793867
392092030
402379463
322387780
267371906
347984163
419619261
427990936
454549881
494178880
526330585
522649760
470302808
463185171
474664100
401662706
418251466
432430478
477212492
473638039
520014220
506476996
498700427
457312418
508454157
406603746
488728789
576590642
504621010
517314455
467640895
451248996
511951754
461755942
478360073
617651708
555506925
499665247
476523336
476400442
428570143
463563450
394878358
385769394
374745474
261382004
271229613
396738424
502997072
489347012
525657414
429245760
498879117
479315840
488703237
486326354
506971825
388155749
488367632
486135369
482409339
438090086
411705466
467794055
451340638
402961368
462870726
423963696
439428066
480216810
462111356
528009384
511752163
520985021
517578409
476337600
538406844
350298986
464118462
480120821
498679064
471764466
520893004
461277464
413381265
500311152
307153726
317123065
192037129
493426990
494223750
507434367
498785856
475647894
478932895
481101803
485841988
473724169
365961155
371678293
412851621
564032932
588137019
611410868
597525582
617354655
623949734
630802555
627527436
279909750
316539080
437445669
455477569
453539903
514175623
605453916
589910409
618983605
587813500
607678864
520464942
331929787
328780655
327041721
268887599
352543648
393307619
468131200
482124265
708527740
809190767
750495941
638236824
594028670
811668187
784681860
817141281
476576466
491617589
411632881
493507504
472415984
492486087
475520391
510982416
511950020
545332119
549628516
480385043
497687970
463529317
485129861
493994860
472875338
511320061
469322262
342955204
413119243
363868673
202088628
369109037
366607489
371761094
398069200
389855074
410574448
438090032
430925921
334707683
330360152
345292895
349270531
327356923
527231520
475115536
577610920
526362595
353336244
380969316
359178440
308018150
294422283
321784386
309715745
352208751
296415435
616174667
609785233
384853958
333631745
363431900
379761242
206672809
55864251
231913178
300237561
310731213
321882630
306921576
330497605
110916833
160072813
195080886
180086114
139016575
63439104
85648682
80970969
100837098
94027265
108213919
119485085
54824910
52861120
110377752
165421549
56353165
