1079327511
967426630
1487581686
1387701066
1583824078
1288320908
801370030
1028693176
2199996948
612402174
683854912
726438809
728471212
1053130977
1074723519
855628146
1127207708
516918874
750334400
668883526
856650023
703847295
765563038
1152687536
628123265
820465057
1040584868
740597894
956745799
3816647385
926947954
636097996
440195967
843204341
563427418
1083014999
1026027167
1115151839
898197901
869642138
880387054
823897425
835254870
696173411
865634796
884811269
475715762
946872645
710184819
784338189
734660511
936920402
728425561
916474473
884216748
808884167
760291473
1976406272
1023407709
531977256
883535268
660188814
1227666482
618770335
1211044334
1130740025
1645844864
669541135
560073469
804051478
790812970
996897147
1016258765
1222960380
580538122
493107986
692004935
1161204833
587335748
1237984148
697378967
788171210
1678913916
619965610
661414795
701441128
744140321
643055418
974485512
716853560
819771084
651253806
715955436
1096870811
2927288662
634228964
2873393760
792205298
796582868
655549961
763076729
724828662
796524614
736280496
633420122
2472535002
625851744
1038214822
747837684
687565843
847821074
712509935
875351829
1528603988
761315797
588484298
739614330
738817110
553481743
899255782
632748665
441908330
566603941
950759674
1442093160
588218492
660115786
905053349
671746805
2394715579
348033583
743927988
588414349
709962797
692040444
980543752
778017653
292368154
559868862
2414884709
765794496
538540463
596601319
1076338796
2184383140
639254744
658376431
394149401
684842022
681330092
872044710
910161624
655939481
412405341
350082632
1954777166
752503040
846978558
1174777638
559109364
791551357
780572500
743670421
917062896
671828964
796573184
1013017367
726090183
776606657
488683935
743995518
713280301
944152846
574999801
558494287
1032572573
676044442
4600452294
554715019
789439577
1072310926
796597596
709122443
538135127
869748503
802136805
784330373
759007218
821538320
665327439
511070594
670461532
742420820
1157819627
907477880
3040624547
941508016
679254528
705200215
801472611
531758456
731570092
855166285
863495492
772193931
655922181
832580615
928009380
977918026
746531544
1112828953
867907285
986498020
907804609
619905628
1596472964
663211493
944289507
1086156080
809623623
764836584
672326728
688950852
587445295
1198965143
769051660
640661906
985824371
679883479
704246566
697593537
734132569
821576752
1141185411
452427561
491115440
646805144
825501855
2159344838
853464253
412671379
461295203
733328346
1381105557
828082515
1241664846
727952790
2213070673
751549842
563167273
486422553
1091141917
793019102
733868074
455957579
668422553
743579309
400884854
850390565
1114981531
692081616
1150738066
816852356
867502802
692839303
872498549
748037286
619854772
740880869
820073016
753973814
772309446
646716342
707352198
728122622
747240136
634707537
672917732
968522927
923435819
792419295
784131618
623278057
784754109
783753297
804434768
548059526
663048827
660419960
763520664
692573602
715358864
1148940196
1069636875
808003919
646937399
1074954206
734998805
744735795
674023964
719411275
770264428
5538308221
770822919
652429886
623930963
725571428
539236126
828908088
868637717
462888654
521377736
618416794
669232790
678236122
558664657
460357584
843919716
889488749
929045757
620516097
938081211
812903039
590361846
549121704
463532722
751314593
427737069
458074999
446236044
497070858
498415755
524696910
602932518
554303971
550115646
494649345
466618154
463738630
498572263
502872960
474912249
432016699
796613013
762190318
632836462
949987357
714763563
794693893
876388298
956656626
1009130600
972075773
1000464490
788330494
896646408
553505338
1943337072
972640895
630430752
643459325
220241899
271725876
421160152
679003603
676052324
592898995
752175960
439863684
448428577
458017851
267715980
277096428
1811358589
384046995
393426603
484493331
496842752
543443476
711868344
578606364
776246910
543134417
551229877
810752174
622718409
859015284
1010465782
508340785
569048105
1877171963
449325817
840567974
476761058
509888230
509500510
513833735
409070634
343268884
427327840
694292899
238328490
379752659
397327529
231055237
364961896
554449328
569723144
592732222
591959923
606477993
624865473
461921692
481653477
490604655
462941282
413124354
396812418
394807204
379116429
561545028
574475628
505241169
514556104
525085796
506801379
690444922
771464806
531553088
811871971
759911006
574902711
551101676
565982289
576826444
593107094
297780244
337679713
556964623
563628994
585300572
631436932
635776377
615611456
787014656
584195992
592094876
594334890
624672549
729866554
790162003
689684080
627757159
725423032
644297566
692392596
479936988
568635972
588884578
1924959264
664158657
804356161
986302213
717351893
646060931
799379299
720626735
763437737
689488405
581087784
514924256
635950514
931375917
479021123
646306663
660124615
764067970
852650407
771098652
1633577655
1692786850
763228108
591523354
704102285
677186191
616351000
745580661
633302975
3054931726
511908664
624558736
545771778
542245452
384390157
355366479
375782175
250425960
254909363
474609413
511587237
502030312
573107556
583814615
545842072
588631155
619938664
610352783
596960423
569040564
560404850
592522000
585490999
590507067
609761057
649164542
723608183
683305438
682739635
646971211
611619886
689792455
548718900
552131123
684113732
768158444
502554911
494694531
482866171
239967904
230581912
237369459
375469886
425713721
559392832
577286517
586539251
536654685
550120510
595535761
480689856
648354141
503844239
467480156
296406384
718530764
633837576
742505292
740799313
476846038
958490151
1144189330
965542191
960858010
563331256
979404801
539039596
603464356
558471012
550960630
486703476
298499205
277658729
296829587
305202693
283665724
396384133
453295641
458926637
382292925
542897730
557395358
557874575
541133197
545578872
529136442
312488550
505514119
517704024
521926423
441861022
568322011
615024607
612220382
661226900
603499605
703415824
422950558
458256976
447901875
496311366
438813781
461627455
510084804
514986383
526763765
468679518
520757642
495059306
470618000
383344745
379629138
311477969
369923592
445984649
430720842
537384299
489012542
515490776
537348085
493041587
564736014
486404774
521931700
525025070
642975305
622676295
635903200
634482302
614213817
506436907
496294569
542490466
444153598
590702904
576008959
586684487
620288238
627110332
634140733
623418904
664507926
645850841
618262668
676858329
684505705
581930245
571943146
1387145630
692567137
717789605
713613366
1014729658
510542343
485845946
504050640
543546341
470766619
457869186
432217396
513138912
489825608
519530569
466868424
483057514
481194809
474788390
476480366
455489772
504212495
558727586
542849510
493251540
496635618
474050547
556560500
524157858
488442834
481072654
435450052
428330669
480544662
558690285
470519290
476254007
490142634
475493849
552509465
469661927
510506219
454638097
404642614
441909915
507950595
494466659
434300491
542445971
467807831
636588974
482128416
478637254
614017521
440237357
397384938
808200034
936666677
948063705
1017759661
748028306
695213327
828416006
319919461
506963305
540950202
487394772
520142791
544997374
512044308
537689075
518397298
509597449
520181285
327828460
430464335
364531520
498666337
525583087
537852860
517755781
595196492
588366234
627606332
565934214
561354186
557903449
604424061
612297867
524736915
691944409
707950789
811890201
641050966
691553328
428476165
1594980868
409830798
399137259
454042267
382723520
357480339
390077136
366314589
364849299
425442198
500463301
498658332
495007601
548833911
499813028
481952906
472173681
510890777
535337207
425699452
513206991
566845454
476274605
508737132
577035284
547461476
578261936
582688724
624911128
604579611
629845523
576391351
932031205
595959720
693499373
655905671
610941939
689024926
690049475
692467671
678275315
611976706
1068637925
528615842
437313700
524914654
537712534
346212235
456065822
454045383
447057608
499856629
526611749
518696261
492406468
545908782
499672626
547326984
513296463
535875678
530749051
495251905
470641991
483750411
504476060
540664071
466528464
456918409
555615088
519374510
564510135
506169914
516894821
551217568
586396611
455376644
511923287
420164132
424621020
460372645
486357889
511165304
444412461
467055785
503282220
562937180
527569975
575338431
533373695
643518121
576472786
617736618
696611180
533309045
542159235
535125387
450801105
464386164
411516087
301751227
355135141
471852852
456463514
519526627
459231263
540500996
518983565
506038253
375346878
468480033
458610120
461443533
492641944
510264602
470108635
508875815
441936144
440276850
459592532
441438160
345778312
362072326
412235693
447755608
471830837
445727945
500239519
459499367
529108370
479836684
492029068
342158650
425281019
455355975
531808857
439861045
493376896
451414312
514478156
439939745
464569183
450251524
502791226
361516424
484481910
537687459
578522876
562655363
544674483
585227199
629718685
385853704
418145097
554564631
355242265
471052223
530700782
551456656
560191191
527988811
533585501
567332863
581628545
499581087
686274214
458560060
531038577
498141011
555469247
569740176
525269325
533394500
458070980
455589161
438096889
434268452
484119080
491401228
541219006
512873145
502304087
459580455
560556066
419725306
467174484
537718402
581704641
566019507
587410075
538881263
508140033
631223864
678280830
699746393
889132972
373302664
1103177141
415986633
497955940
492958006
456063544
413762808
418278095
351395361
430311132
425447995
448015225
458920136
472491126
557078320
472836956
454465495
503981358
604746428
520325250
482438322
400759285
515256666
494077597
421618261
457174092
531011930
494974793
473650327
471138166
439170248
527854555
424793348
462976546
452412785
453303652
430910879
423640592
432877346
581693009
436178166
510093814
387915903
455531123
382244926
462235101
510578397
458221530
418443128
437559375
429426780
467037130
466658067
380317840
419234910
443756215
380811105
388672615
483870800
497173845
529158972
487783972
518498660
448703589
529112355
533084184
501668388
533536197
545588916
584339096
511376391
515632589
474954270
538496265
350174480
548649816
573694047
578029923
519477477
548755131
531129167
580971511
585408378
546345664
476403862
473072040
470867608
628916753
400311980
455004357
447963014
435936497
473705760
492440834
518691318
443957160
451118753
517555211
503448670
530064194
547405739
597841505
590910794
583757442
569093097
467066445
517184618
434737573
345703030
434563579
461386802
495352250
468509532
461560810
399181734
480153998
524373904
447796420
498686597
411760717
526311591
470168060
401334565
489072557
481914557
471287875
469376333
391884916
442518493
479934787
479073243
483431482
413000475
524778368
474229557
485296395
415707505
424382873
371128082
377633565
564877595
544795849
544644975
548557220
578488768
620943619
532499411
517060835
628817642
783607478
485787879
515117709
494563499
567569693
436207713
492800740
474925475
427683159
467710731
409411640
451349144
438661467
480566539
546879143
556863423
604755341
521937645
507994579
509382327
354923253
420811853
476767913
543876065
467653524
542197059
438300795
501367686
568197855
700274049
464176967
500038410
500875875
398950735
434359581
465844789
455006307
439660488
446995547
381496007
442345764
392548927
499795503
469163423
440702266
505788331
509797635
462937068
401413290
351900217
347332708
277652361
403002283
417771133
471281035
466204670
483289841
429597967
446675039
465369232
449015521
672086489
343230836
342925749
461050007
524721605
482657596
506155072
504796199
487361376
493624163
435232610
461132421
421744103
576751125
590498261
666104742
477053650
619732598
611024795
625682562
636541768
423957419
414663288
317442577
391810806
460208096
529990896
533843083
507155376
487157363
489953986
523158057
486146322
405364243
391167789
477368389
451443873
502427503
447276381
472190200
483455098
495848092
416965709
371043003
343468346
499843745
493146964
509047562
514114852
547251062
512150153
514742421
542159913
490564389
452286885
436289082
453175414
518922762
511682558
550742091
583287869
606396805
558485540
596341640
504346904
850949082
581064624
554669868
539521571
533594143
510086086
527433319
496441983
576072679
392170414
457336436
426729620
469510874
443494119
474180100
459246273
452591124
445457291
392611960
454638299
478345665
508180020
484060437
481247535
523625970
540581294
494449745
500153934
531899979
497364974
348802469
424197171
416346129
456275433
485679488
524918534
575709456
515449861
465399616
480226807
403525966
450839894
407668039
413413116
364282680
425622074
411760414
422299541
578571607
608220419
549112673
657792981
599538353
634782266
579912718
619168088
714389654
516427862
641592091
625039187
616605136
592677872
579587912
584684689
1439199716
583044098
514261907
412501097
451944364
477040738
426528678
444992861
452235286
436569112
375010570
388070131
436130091
672344932
506880216
558447326
573595999
575233832
594216285
610664444
594087992
613194366
330296151
397208911
530699024
496699633
486004855
473924873
508270592
519355161
521613436
495928849
600918914
386806658
368316606
420180502
392824209
415771374
430383551
425635540
411164887
420430801
427067910
482529757
481381691
494051787
524187968
474876268
535409614
542098140
556053412
526971056
476446994
441927374
428955274
389011257
379797608
497912737
501222506
514144425
515727145
553855100
490781723
449643349
371362610
383969824
505046932
457999197
466934648
530331517
476067495
481516516
488087420
531311096
446355896
610102613
532672525
739986588
765676708
552102799
811447086
1102210052
617419604
589222077
1204713266
1103210483
447906876
723177716
788173177
577726528
979327422
685628460
1227937658
754119670
790531096
719898789
481463856
389963676
459764683
2503932693
542828449
542271312
571123334
569262625
592787407
562466437
590250272
543894375
505636052
233384073
377297544
391055656
441083172
444709725
443721659
468929665
445048441
489906016
466186921
494777585
441537636
453529896
462748719
456054671
477607493
423609405
461862222
474467771
470987639
456700649
484689099
478302742
522898972
543623296
560571153
553798051
541987131
608678684
647688390
470562072
356120565
412551695
414719764
368567613
376129712
421217363
426125557
362841260
423212153
432635542
400227740
418593558
491974947
457490468
395868106
490851244
460089467
494960803
464670452
426186193
461254833
477499531
486281731
442895555
505959602
493812378
503763199
552211808
518604147
559486552
689344889
578921549
573491604
568207367
497685495
504246981
453351113
537829805
523213245
477934177
382703588
321245895
456381131
434779065
514007796
493138489
620492710
542421053
535301564
632819533
446081157
528019048
497970576
422416680
427441855
434959839
503162900
469130940
515155898
580824903
584893584
569211556
553266114
605384074
517226023
446603104
452384294
445729195
490335323
426669595
487853947
542791972
507114908
530880843
639641705
460489344
484113317
548744584
542902636
438326274
362673942
397054694
559186702
452782627
522863560
489370150
445190939
487702696
536294571
423844350
384702990
406497869
458585313
523008075
528854200
503550098
525302978
512422640
599018739
529852543
553239959
453058935
408244291
494842295
527918807
503803506
552289368
514586632
451530727
477029415
439782843
503627466
508394670
470573980
450167232
438838880
422546369
452129410
399437906
423056960
375101817
337897199
489468469
504694063
550154530
513119077
537422165
581120545
538986859
522404969
585882173
539716076
416975894
422154224
445623927
458425371
495623541
513215097
509351089
526371372
468027023
465060626
465174309
403602474
395371347
405043850
432875773
436188928
461737393
478916483
515405059
496459738
773704379
837018932
780387865
764726953
571930657
717786052
646191331
661879474
599854746
620357640
111259112
494583746
538357725
554383929
574696107
585323781
690850441
630200581
655852436
591641940
530949458
364216807
331446622
443000372
458192874
510780275
453219932
498240753
514399363
527308359
461002150
454580492
474877173
414801026
450024708
466504688
438592808
506577237
442521104
503743900
447893273
478780389
492271849
490252520
520245293
472719229
529663054
534913668
553546177
445367894
539879610
394319054
398414318
458005650
398891466
433347500
452533217
527213507
562888432
527974427
491273158
473402339
463017778
428667464
438940826
428256838
450708370
484452975
464219969
469708891
508851901
491915062
550464094
392385647
381870162
452551797
439734065
435015372
468548898
531212212
522732629
599456458
574305461
499633406
581234049
554825797
494563361
434675414
459823431
393469481
463343662
474692837
464943500
450966048
463241535
506665173
513747554
577770871
510153899
539012502
587670106
553528803
501884951
495450572
536757657
487784808
543522113
493583319
575893347
709933818
582083697
526616315
585620745
594728992
571755287
610207915
588595291
397268333
379994589
460811647
469937478
450188707
458828669
531184960
458243234
440781345
473920479
488716373
483952246
436700033
445376977
448531847
464471835
506711421
489210212
434991446
490143432
509852132
465896183
415799868
448178495
443420546
473742253
443044085
486171130
431156190
462512805
545113916
522889726
568262270
550588416
541955332
503438054
531527523
503450130
502926369
476542705
535828596
542480000
539818848
523439450
517570364
608135178
551329678
509181660
561812082
683162691
589134871
870911117
867645825
548531857
702076344
670594313
1049741420
1080053100
1171250921
886973746
812540592
655187273
782710269
782620854
1164502295
1240768375
884659529
843898920
789423537
456533291
894311168
506875005
447663914
451244001
244110012
557672068
568732866
551417558
528113814
532264457
479311191
487610531
492332638
438292808
364366113
422374000
459592922
462058135
497516339
529365592
526356188
528190481
541998041
515922741
582909707
381662543
453123183
412712123
430530720
509931246
507126992
540396270
478058278
561478090
572963372
477029358
421168216
445595613
492536253
453198560
539607335
479073069
475810464
473050359
502841683
428342218
457941317
422441293
498359303
469170006
469518640
509966054
518634021
556407200
505108097
477531557
399104101
446138972
383327237
585061194
568435034
519902977
557560460
519317443
483029123
599959854
582232267
480296834
572482544
422946882
443814620
450526724
441937508
534303958
482288927
467236633
407801056
434978351
464728379
484194935
449052495
458975820
430239647
440529774
496092782
475577820
501616138
431603986
543202393
462966872
472417893
440178222
480816636
545248330
526672495
509328523
467057904
503127923
421840550
403948411
399650292
368930269
388059959
442094941
507451845
479273163
462915867
483436968
490044301
420828513
433722710
456490643
519945761
524790177
546546761
554395430
512239824
513600350
504463961
532415771
1110242782
570837097
393697316
419689569
411589471
437708344
444512694
420450131
502572504
504439768
410702447
462436543
482642050
434247624
475624764
489968552
510392365
447989843
463460813
385391082
469205006
444658291
431496872
452250928
469237812
537420502
513300377
473883387
404948313
482248529
499484182
410619579
410561474
437360671
501761155
516943705
472221802
421213686
447782455
464043686
477948509
373304985
445957766
388324228
477127450
477691667
492926304
489878813
494793177
512608318
495920492
509981455
472987361
507965235
552090402
505905020
543007858
539361381
1031436738
605899051
736337363
449221623
592985773
665356701
395059298
379068709
401123414
392154321
376560915
425254522
467382040
473029962
526968072
594625761
596152720
612158473
609882943
764322871
962001663
477380875
479491984
597684669
442182250
457366690
487424235
421179979
391040782
282820255
346328818
461127736
467681457
453668487
500833030
541316632
525953931
522185306
468401326
461699941
390141448
465912347
534639312
495339000
527490615
495857996
534116559
533206231
590329718
456901463
495209893
384581671
448376471
415778582
432202710
439522502
446979228
433779143
342501359
355705447
372658418
395404098
426617922
473928686
513312879
506461478
517894519
528785158
426202723
496626452
490942156
409090673
563178233
500224205
526324880
475254183
544034055
554003030
525942675
433896799
506860197
242844141
469821762
484291275
442574506
476745403
454651020
474756541
463700705
453332386
418833402
496030884
240311817
501621254
501709102
506771860
509385307
495652064
506315454
470414367
447427628
477004702
213237264
241296602
410557284
506093249
546611342
533387347
568276506
523843086
567340344
552486781
542115810
455949771
373753003
509171326
496830226
528550092
538888997
503958526
515220647
522788126
487748635
414818217
338139174
537255679
464714494
509696162
557044511
566837135
586527629
606394416
598847521
333145635
374936759
433404834
510920444
490532040
528123335
514202763
533653904
493830977
502042463
513988094
421515844
286533299
322778577
412201361
452966840
470698116
477673355
407155618
441230885
435124757
417783229
363801580
359921100
503120417
503362665
468496538
481935831
558086246
556798021
499371977
532161577
469719477
405762120
310083972
319413355
410931993
522276108
491458905
549377351
577733936
548529218
580841813
630592943
410384433
440226203
330806483
384660969
449911331
527934218
568404600
536540850
675295549
568378770
517636894
535612485
548878021
414724507
402418440
351244467
395792508
375146973
349042325
383961552
369981004
373935968
418710913
376839482
384250765
501076444
441329036
436524509
418791274
532720523
538120568
495845135
453593185
470664787
406511587
463375784
432638170
456357921
447398249
436651131
463320051
478700694
456949740
508390309
477074458
420762323
501589350
414296257
498226884
522189625
484255545
505925940
513000831
483308634
519807093
440289235
526432383
506389635
499352423
390736868
425673596
409758030
420451856
426544561
466591879
513647210
485543000
535191137
468408566
517294989
490777917
502436448
493980037
480586153
491524268
444167551
486885080
508743473
482852361
437668769
461531995
430269545
411143367
401067822
337555919
477654169
514514435
449771863
530496849
479717933
527848894
514669665
455147087
457664465
471678585
359304529
415800237
346062325
460212578
483279416
510510444
457460123
486080279
499598746
519286321
489811630
444857736
412659547
474418518
451065471
405028478
424371297
448368694
419020244
364283339
358801920
379891861
526889875
379441992
430397509
395861982
398910583
445265463
487183407
438851306
444600855
471166618
436945874
413163808
433306041
433013878
433707264
455690159
531277626
447153654
489616601
543576536
561869624
535926451
449007423
537035855
532052707
510859658
550191690
518862293
535939046
587220892
559199830
494154911
478083962
467406130
490028147
552719364
460058385
471236296
508952684
496855609
445320130
416554937
432260562
436311762
592708012
385180800
603822092
404804089
811544657
661596368
834091215
612244226
851269167
832066687
905174095
963947356
663732082
495670228
501581618
712145839
566045817
753980296
682744030
683809823
587231038
577027654
717851719
735865305
849206115
542063652
424954745
586429438
531624213
539422016
621318594
410724457
678213132
490162801
543056974
394868396
863195037
590739079
624358502
652283758
697928316
661442462
871794815
872604312
713119432
856130485
658959542
726303115
598638162
572414600
3514278375
569571256
566113014
570221495
710791943
861093723
664635108
745632757
800957863
811067216
926046617
571870059
607075076
919810996
889791214
1237623964
770363275
736470223
864292242
504887861
637408606
631720737
616833034
659529896
562163349
442291337
458244806
460669232
508057908
478852671
513448824
522379695
552037836
542217088
513003326
517982223
480557740
428878373
756043000
876796928
840240514
921911442
812043799
844576615
1124352724
908745555
780148619
555729127
884931183
727908593
764304333
827302316
844083280
872529746
883552192
707344064
642189956
744156902
844650171
779739189
740232827
780015672
784188810
988186679
620746792
535716113
827642704
635671999
644070370
1101028441
701307909
783992776
704101779
759488769
748259130
680276372
696043861
755879711
832113896
666591953
617393050
630627278
692376886
700359581
851599713
563983013
682049250
767950893
594386589
2859271361
872413340
609566793
1215009650
717585318
808226248
835763965
698845677
439981030
787609583
760485382
958901477
1012988242
608148314
902005972
847712121
595783881
597751470
494117976
511467870
558334693
406818727
375286015
376640954
412674097
427234827
446988634
543132195
482939769
430989878
556942004
481130640
438765167
370478420
413432091
449911717
364939329
436657461
389329972
370938054
504312626
450140019
444018107
522708177
475306616
467627398
482026252
463734457
428081203
442934196
451817376
479335733
505664805
487405150
497344694
495048853
526183510
342425137
388325789
449578103
380455609
426694783
414383795
462914799
391809658
450905475
402059830
394891040
415483171
458290087
367593428
388363808
430124042
423542714
438425410
374397183
444384539
389561632
396846668
398099717
463469828
513018312
514958180
455397620
461958787
511799053
455800686
458444056
474353705
365845589
410403295
428621252
468892364
456281861
443148942
474932250
489741184
485834731
465077083
452379147
633190537
627417026
626961673
587026533
548368986
537481690
604446547
551756977
619608297
521318934
159584007
497216201
492142209
484137349
498983356
483983242
506810421
535395102
598418258
586673718
436311385
452930064
515228541
548451541
511723753
497880216
513023911
498025197
505905929
477514672
487958724
318041463
340625750
539352225
541283541
540602941
562491002
575257066
611403095
565601576
574273209
403652137
384180104
389518083
463553085
506015740
546106345
538986674
520343117
483630069
570321493
494670404
672773945
358905113
344229069
354786969
465440033
493571605
435276625
459465172
417788657
419849947
302623653
500850184
401074848
418647987
523645565
499167013
520662084
524789290
518068654
492665756
545091260
378143394
370746431
403518534
338390664
448727427
493051939
511456098
490527122
501009328
491741351
492396270
461313061
512049204
378015342
354867851
403767582
473452297
540675245
403344735
535162031
500216546
557948018
420729769
333539839
256358218
260602672
400330290
416814375
409271073
422233516
413692552
383701425
402002253
326429263
310531063
352156668
350716219
380088060
352920331
405364805
375364772
421800386
269921708
94993703
355814878
374994261
390942393
393397146
418218036
381429211
337025214
337450940
293350515
305979737
295884134
288785858
284384847
287838066
223844194
244092484
262556670
251837372
208660523
136297782
142792004
142545073
94596341
96656159
57971623
66554685
56857163
53764345
55271922
110636957
59548587
55765087
