870929011
926520144
807954311
544098141
1139586597
660867772
855839805
955045187
642468240
2151588672
785034694
887461482
913941639
1110561098
1220304685
809896559
647475374
1560712202
683857098
941981780
783243803
826023039
805555955
809633756
626911457
515206980
1610775467
899533805
1020120500
1199304581
829943261
1007788405
1089625911
1121664020
717137435
1127536403
855526936
1043623680
4839408703
646538728
785736022
705328572
815922290
817360777
750132910
1047791521
1051505721
884987802
907640714
968170538
853175138
643344731
826410060
852162989
946356781
973545602
735276331
709253086
1043476604
586067620
628846175
2571581303
1012199454
760131920
1632776979
1664950942
980379823
830313029
767573972
565428457
648993796
2300408598
903610646
1506254234
665199162
690006800
494488702
535833840
1131474162
1461331076
707089288
676355021
603032734
482439354
2161378165
711945665
948961654
734716266
738111681
745394656
1083746185
406604209
743514832
827957764
1071124716
844057239
944675271
714337371
882449336
785293022
905818094
711978294
513032891
851743524
503111195
4348543405
710324871
4359092737
1386798039
921723802
1033100691
3367529076
707488969
624695348
1001848871
512636802
876602873
666906571
743860111
735684484
718656857
636930369
844017893
590802414
897011507
886560614
726078493
1831249532
1647510744
642120792
489228450
582662661
3077321438
996042303
923067652
774242837
906554547
397076166
1086319307
793715713
714614953
413056154
3171927254
659766705
600864276
2674400072
361166422
554988424
607776283
507718583
715678122
476708838
1808852998
447053283
619021431
767598292
808010732
714282597
671568284
1519002353
963022117
688203269
973123282
1119976884
681743331
725612299
693846937
619283991
617339805
684020463
804719873
635971765
668241956
4652690816
473695728
474895485
1043354968
851166019
671844975
678117744
763335102
946532931
626639298
566949119
816885045
848075724
755581838
854181237
660940737
1068128798
518937753
688242569
742282418
1374444223
982411671
704678399
607535192
882011363
697707611
603746359
1255632377
895556918
849117741
925153824
821077822
836937157
774123410
599084363
379090087
864641305
836937060
5075934388
941791373
700938321
873085968
3071505892
590701009
2051696511
826931195
737077912
585108497
1258858016
766154046
775613725
1296345599
929695614
732587735
602764896
580712383
870714148
1059134517
1282509539
629013256
521912050
817237293
1264689963
599095203
917805391
680146099
800873421
497549020
2903444922
703894717
1017744839
623786864
842771293
623369649
1595362019
571117421
2515425976
562563076
846547243
996721721
1411893289
3452475195
760359320
541352707
966276634
759770998
898785766
636392666
559449282
764379296
1234942027
1623855563
707323544
1177195224
707873611
930929452
861471055
1043809129
684426528
642146513
687267705
951587928
728366532
673487999
691097940
699285906
969682356
1047851211
908020753
932614058
878205106
883743265
1066640194
818415283
709722818
895009217
1299222359
771698944
695350629
1254439661
657712030
1610797522
621206316
678184390
728011161
1319376968
1353741066
747030901
849700040
613987142
1019814296
780059973
887976734
962435235
940177766
979393716
749398355
918510628
830135452
644161434
589747752
555371989
7310751954
619019627
703539467
639976842
920265179
846549547
743461084
762792073
1081751350
502084026
736214903
633377087
1006024125
883795928
1196640933
1461934446
740261843
1123305553
779486102
838429984
1037367749
1672009381
922010249
854252797
872755219
716231990
3281886716
715750189
947633145
903170170
954624293
826452295
478928959
647869032
815041163
987612515
861603081
1306909638
1183212138
905304726
507171024
939885125
858337078
834883224
590269938
2631920385
1055594595
475792047
881145377
751981825
770826184
730516815
871037425
625332574
762076138
358966638
843534944
2797621645
981322362
641522418
832390407
1332057698
699926383
500787862
851503445
781688615
762646832
848828152
425298748
726980539
715166848
716341959
1449808418
562304736
944706307
1059982244
735077760
1145060920
2798999671
525645163
558733603
625706423
671032206
791250569
610661559
470886251
1765077695
621855396
1585194101
863931883
2825107835
735897301
1139090597
704512254
755628415
641482572
488800429
6521441489
622591565
1505253082
688553678
1142487381
1382893832
723210585
913918555
759507678
619462959
1204736258
770958139
809036334
778412715
872109631
821392803
837818370
741783562
638341058
789038193
510683844
535592117
662377880
950977055
704366090
1020456824
1070267983
807403045
715172400
1308237818
782698136
869880590
838398959
578187540
791100609
841453605
928734043
1045732084
1158509574
782850026
658709203
785130100
857075894
974264286
978827276
525518562
532540171
755401548
821686844
1018186447
856588129
865536971
414191045
430662076
440135044
2406334118
544185533
470382845
714808008
746830175
679291516
1062149907
359264190
636454504
764238302
644398331
786691005
1015533638
507660189
587430055
550749503
981828836
2235230310
2399808993
870532301
665118242
647528850
1533432486
894727281
1101267341
966220419
638635542
579097750
728553910
672021680
3597721145
632121812
656579274
737734002
678143397
709964979
654611672
738403152
448991696
548192670
485421700
592921332
542285126
588516619
570596268
609497394
690895106
714910715
689071965
750304300
671723280
622141509
811896770
536560517
581808008
780436270
868644523
1061860049
702802557
1230542220
711038538
711234216
712985927
758076366
1439722298
489811381
487599222
358987279
539938398
542901623
609342203
686375691
731075252
705696417
871129228
704603017
633899602
684722947
563113922
895233224
914511069
676254451
606144724
735486186
699578437
1136829367
986509978
624057378
1139112338
615070291
756745578
1067446435
636689188
652862603
563135078
627620503
710242246
1677995050
947777900
694926258
658689461
626619995
697112281
751560097
761642937
573484053
693253321
3304722713
443472919
919573897
538614043
1245391534
3082572106
800292396
512123085
1595569961
999982544
699209675
739343381
873804863
700130782
1744629653
639431154
595498574
564349007
557625929
457168132
616553548
592169364
600669705
572077129
477538285
484377547
485721606
494061669
635634557
601130852
720062317
663555965
667882001
648850246
723757380
712068717
676361407
623354155
534176176
469495745
609572098
607001285
627773618
596337372
579042155
569863987
578517694
620788158
618370291
436970968
476726061
422577337
645153995
677916934
694122314
676551828
697967636
621557565
813941877
986712270
656818641
620676027
793209146
903755120
784464612
1566045858
672167512
1771195100
1217904772
662450251
820976274
896612280
473451866
603348217
479747202
475664118
528960038
454825914
474537386
533881876
525699618
666086460
619541280
632847065
720073221
661729051
650837497
717335022
619707936
523035099
739043905
515674424
580154446
602234686
578397623
577876003
567233457
470655366
545384495
639059294
588771862
580546331
496233152
490276446
593058965
643890497
643498859
590508804
668364656
795859967
809028305
870643452
564137462
1012344489
629415058
1190224346
848465370
947779195
982770333
809237366
596504778
590750955
459632547
1011541066
1055470443
963491974
1587260292
1616095090
1146179176
795352287
565959632
531057105
674926855
576751690
565565242
570861657
371035198
387096821
661000166
693876752
723092598
726066165
756073064
754561818
723412151
416586749
723938919
806336208
760955112
823416667
1227599031
935310842
1280902590
903777851
534211434
1790537087
610284562
618458775
512127180
673195873
562451264
528126781
730405192
845431719
876590018
427654267
458658459
411525085
483794937
502451331
485712591
666275686
572176897
676085633
594717282
469998573
547256880
619788105
519969386
447890692
454857823
505509767
583833528
624091205
586226679
623926525
639410419
573143838
694529495
757981371
978879601
608488340
630065737
658543076
561135703
648547930
479947574
573406943
653364686
885646746
604853157
556400920
562646515
640327783
499909701
649012409
518585705
437644731
439033459
522743659
516015104
580292706
539771147
608645136
611208151
638442605
615039477
419605157
542063064
369411054
490532213
568541793
562970010
553598181
562836990
573856848
579927387
543095148
574847497
231492331
347050012
481572561
626086832
616982826
627243258
568776501
658579677
680227901
611493046
599588101
604490409
327044995
459492151
531402792
641790162
671946674
694231950
697187290
729813530
717552399
785446109
677164141
486562877
598183318
559085622
539444455
509394410
582955994
481585048
472144604
486585968
323076371
479801496
412109239
449837217
468463358
467550123
531470755
509737322
528426850
529708379
525605579
483089891
442299639
498404803
550718463
567241495
558344498
492603633
562418724
502897453
556434237
463594966
414187991
481173547
355817255
507488781
503603266
781142436
804691421
799935863
788183382
862939360
662239608
670877830
656825433
431514747
441643283
426591068
455711363
527364609
525438033
524326391
641977144
670006390
540490891
540722566
493796444
458916820
553485659
500061269
490923703
487463043
595998186
546633451
530410810
625193159
683640289
599244516
590694988
544622999
571566887
487806365
725368139
670169889
641253397
564022133
624197397
525854211
460046438
541523807
624621938
439455939
497613857
470880838
451593918
478996052
664017359
757186678
786500831
630294663
637298649
580121356
404592766
757711433
791417962
477800588
686113296
935935279
939983622
948162212
1128693644
749994421
725717794
838867098
1679192005
1403814935
393197508
744099402
591548895
629054477
425867332
428054816
452913377
458575738
484759941
530870016
559564714
636555523
653787322
543153861
677888817
568749730
812884931
662972320
434233361
363608940
469327793
527715588
601172719
735541125
950372903
946935327
820948270
750222216
799866667
1249089016
1065279232
427486760
695002684
898129876
530703419
532533074
509513204
505110509
648235908
411800729
531818046
520390036
507933971
589379629
549467629
613064484
608099016
618287138
577722431
738529201
643372258
635324789
641807776
615290741
650381422
620318746
885769489
657607451
479758030
590978861
1163191842
829147811
855835262
877761218
1397455708
948619029
402811795
455148824
574461837
415032138
398940383
415015970
525148648
818529732
886445581
927426558
734739222
727496978
942677832
455909902
990892498
640230137
572774682
654930680
606778966
740243323
631232121
659328070
649989813
619602171
631521284
678690685
303735679
527078479
578261624
609896700
505554394
558676954
544711082
561837420
518446929
421783184
492406754
189667830
511074051
537632593
518832384
527564313
562840901
583331895
580910069
595980956
590434653
536680793
587087625
629050121
652791663
556503412
581991220
647703817
561985260
581210212
597871265
524227917
341973912
562188364
623239641
597470019
650635226
577862324
634809451
672762887
691987625
1340306157
1023696053
619219530
743697125
562625416
807265992
956287370
1021537889
661631592
793447311
842195037
915782143
542216046
675538744
976085979
1398605817
607635872
454318146
901181307
659860778
820191500
634411752
1280061586
717632929
867218338
779534401
871796210
454538219
3513368218
1150907678
822176218
1134814974
608724202
3649105075
619381194
457282216
516723532
500551878
583334944
692967033
651680264
588055350
643916974
644843343
549311019
406470104
430735730
445214209
529820014
515971464
507427537
530419729
510628481
735829917
600209434
601406910
826565554
724348855
830149989
485395377
455249473
577447789
530286053
552616539
459363998
573195083
468634970
813336480
861353375
754864002
822476308
837965304
803326734
491642204
359439862
514401369
387104370
405701960
358756799
560397216
566621294
580066286
544129777
556783378
632703200
561135442
599703878
531734121
737895347
870433524
809497296
861127473
559683470
828399599
959259230
1194652944
934558585
993308121
343612528
246123775
557076903
567067506
607274253
592710697
576848955
553962062
602349873
558648816
554784313
441764790
355164311
402851684
424576652
438641382
464430708
436096182
387246419
395269023
467686096
487997965
497190276
586515039
634597045
714558456
943060880
1102486815
667638110
647621085
639915934
684665002
703685918
584089369
593451617
483590034
418582340
479963403
548828859
579219464
597238431
518512098
564442768
594991709
556073565
518281475
569168482
338421733
418743790
636688131
567684434
498744416
506013355
514800388
599023252
531092409
570462782
462275946
452314376
577804501
600526880
583766623
618845003
627864987
646422745
617691556
660043896
598933209
509570538
370121009
387534112
473669212
540443179
576390811
617817829
567108951
617565332
608752788
646140291
500234607
547664261
460960957
473448704
431724424
418365567
479761965
505541651
509926600
560225021
567011325
564158438
640048052
554717094
619316643
785518539
831118029
842487532
813066164
670604301
734986845
760400842
710767941
715744444
1187887493
505680160
526349246
495990276
582464363
536171994
480366896
575358930
572990282
538395874
411245428
487035571
507602043
534740211
537279221
660226855
660603849
762963744
620617105
668632498
687211572
765220373
591873616
677858232
513627636
446619793
448896502
433571007
721394136
784690931
654644846
608808947
733731724
752150653
770033752
491291590
503078534
419199094
318041508
381820595
402841204
532275319
540027205
576514391
480119426
574564142
585403007
576196602
466991906
585025942
430489739
520621565
508028833
597616466
564400210
576381886
680287249
658109609
547493304
567272644
654119099
528780879
509998422
469902619
523101450
481072964
575789150
519412863
482941322
558272555
566019602
503445179
488143387
448632087
532772410
581638318
564665161
573512541
521590342
492160662
555563137
606911508
631191521
837988893
795869796
697131934
658363024
770299909
656714501
802809453
556132298
1046167567
729457404
558166128
520053346
519456622
483673920
616424189
491646793
514761239
558033387
575928501
556814813
641394149
669222106
561152881
582907797
576008800
580805824
498210007
519062130
478152853
371048627
417599241
446372321
523788991
481511980
499799692
546970298
529667398
546813712
515701843
574716564
562678855
694611014
624591716
563101423
552508074
623301922
505369773
544778291
498929403
463149352
436968390
512886648
574726142
644155439
626022194
656024376
595248764
585308013
711889022
501901159
603781765
446153505
490801507
447806477
458008646
445956589
483885753
513439750
537123512
458266052
477265517
491671311
485653722
470795047
535235578
530016027
568585387
491928586
471492511
473122425
406111284
495753227
475551129
489205850
516493035
486289228
438511872
426432104
755712911
791966699
747179989
566558963
891401075
548508111
476236475
564219514
478294555
579649952
449784540
494347432
550599490
578336851
545023955
524018001
581974028
617808884
575636847
576630766
534227147
517043434
466106009
567415658
606159035
544097404
574687795
619584530
520133609
669096719
536538298
596227152
625430327
548086587
573056055
638879710
612292050
559897157
706146423
490172127
537465267
422148677
471774880
503070570
507736742
656238242
711383606
714414376
584715752
627451818
744939943
526485458
630592019
432360089
500788918
462513339
491755811
563484927
546948270
607811195
568931843
671862197
642913537
631306271
620607842
513848857
627322313
539408211
530367005
520150507
583973351
487211274
584943082
522619084
507151947
538243956
568095525
579073580
520917770
534933773
601178513
586636854
631485857
680719071
543196718
513158713
401943800
501596338
495764361
488761316
581534766
530002344
559195922
583686601
564535498
511258901
503283469
890641056
493964388
723492386
744882394
761332914
491377085
486428930
540767322
561389440
704492930
505312145
617272892
601969188
547197903
485646974
626831196
602950027
643018830
474173576
453951380
364535142
478920713
512659719
526773899
543052094
585506548
604133309
598262136
538296800
572277626
831073154
771157929
797528731
787758796
755075920
755798152
776311844
706094633
767646599
770148375
542020974
348268554
384814396
457174847
533169586
548456229
548152874
524067605
593331959
391501841
470621938
431179092
461739186
495298395
421367725
462844609
441902355
473755700
401599336
254839673
257179760
277892708
289223973
344541517
376321800
380256209
432330689
389648838
491394387
493278623
504106417
515803698
397255678
462032519
478818055
496781191
411510081
269765036
298490703
317712226
410730909
409038318
423903736
437899464
515192228
535327650
627441849
635388435
593081442
417629453
420419467
415472608
425094943
294146294
404023282
406888451
409395390
411096805
403320500
437531513
289055169
363157858
397483215
396028372
385586723
403832912
434523276
471627024
465714446
554765081
557644933
592353793
600822461
397161010
407369414
209133426
118831585
118593646
425162473
474128693
471308509
489285266
489321026
503292257
523694976
580643128
618077681
662573404
517351073
558371815
541288897
636741385
669805670
674477669
690675846
583261960
658792017
602714069
564420301
665070747
487642860
505071201
618927274
680749674
497215276
530741395
460716421
505285120
441559806
433994971
430247559
442870907
446817806
557942463
576991538
618485712
586674471
598867782
555996755
549720614
577515501
448205989
599119632
501810046
449535671
527810591
550744339
618671345
526941380
504229849
561632495
602180788
591933923
472740298
453600178
637739093
626185364
573936368
515082181
508346612
762747939
701561857
555959291
661333126
501357842
365973973
392589820
425446738
538735159
569630127
488050615
473624612
499219472
546812995
548334271
482927558
522956621
571543129
522920666
533681032
432332675
455149259
562157933
555957698
511223596
439189577
449969885
525433061
513465405
564937566
514373971
513383406
594736619
552735928
641208974
515792577
551730516
495344599
422850322
464949372
457197646
466477239
529639495
514599877
558185255
494335498
508077932
462784146
499513941
498712165
496821601
502768157
537509672
523581002
544022087
581794453
515336420
564154349
521302421
446964195
446861305
436419464
546852715
497534105
556933949
530719202
560799087
546203232
494112493
596744499
507496761
479464952
441191833
468562500
453443916
448597351
560896546
640709476
635021185
892949600
560906632
1020277315
685895057
1092817017
937867296
793820948
496040999
695214315
943253759
983612478
651420658
948167841
1744564680
931903246
750917001
751118606
613595139
768118921
584009328
617828414
602213836
520131482
451091481
459373102
457934097
591165998
514458318
473808801
371717991
385458680
532338103
528372061
519983868
529670530
546501194
515954894
482216084
487053243
530363315
482992470
508343436
427702638
531694267
532236319
565685345
515442401
528944758
527120539
601305049
589972223
525435214
423727222
437832455
446951822
593487678
549117322
579324901
528858273
564550014
559819928
654484107
581425707
594095862
651061948
683260739
622127845
684648179
730501431
629584525
727845539
597542449
407111603
791128253
301216707
333775142
365148370
416661502
486315527
479710836
526652625
519782053
501581314
558341843
501958137
425268135
441252318
566933669
538367386
517690250
509183175
488590792
596131790
543025059
597308542
504208907
507529229
606396545
532486379
471876664
520577974
494062169
516671230
478746604
542382102
408260448
449231806
448661026
394052459
465014426
451204137
509971546
514256546
442687843
427568835
411540954
499867798
382004508
488750326
541583885
650500948
637376315
706185756
652626268
717439443
638659538
671610665
705448986
660247135
898554656
611143819
598060942
843814202
778872115
644777235
441411355
514408818
426325880
800668973
317706973
354049153
499038398
671153068
647223480
665888941
706953624
757254161
941822084
778747571
637021818
775273162
944291723
591639054
483288991
511003045
559468685
1035363011
1177387249
628641167
1336601925
744088383
1162721604
727588949
1070397621
728068094
1321722079
895648116
874528694
810945548
788296535
815011637
808709033
1071162925
900301212
975977673
644497354
616871074
664053920
602553619
551142448
548226132
442884916
503915953
533336913
571328720
581650958
500107920
506130141
521053581
442308049
547287927
347620499
442386832
475430384
495802280
538019541
544952970
490898479
561172625
495224747
555293889
620750514
631191461
667631579
589329930
592205184
661803920
611348541
665161429
642451087
566497710
417235190
417931118
389325586
413369828
474777733
446908519
565642145
585502497
517670554
509933812
585069475
529661263
497307643
498121281
496880245
457558246
555096148
673647122
596233091
540593044
446078613
598798136
480246191
439483716
478300086
429572969
438135331
463792190
524262446
541605340
566192643
590537100
432264977
504520236
554368076
538871697
430851101
630278750
571546248
576555180
562614424
532026003
583375870
602155669
564657391
607079699
416911919
570468221
573577997
576372294
626644474
654124929
617139514
529500686
535606708
508684498
507085820
341966927
543261846
527560095
560607794
567378924
501025573
545109743
589212034
574389875
515533652
465756324
376734120
421000260
482803990
492700852
473491985
464193107
443425420
440955195
369505437
394577893
498189510
502672296
530705581
573320500
579714253
581717436
572569323
544656944
591790298
377021829
481897519
463452360
573936156
627793494
644233435
642227733
658358907
673898225
687121956
532659212
431983854
467439228
440574351
475697322
546374279
566595794
592374245
603935750
675254437
647361472
618872135
842291409
641806306
515627762
494497775
550348616
437738393
456568698
417249760
389887704
402282259
536452524
496974796
478724854
536576860
435578277
542553479
506241044
431370339
422126623
481145948
484955451
492643763
467933501
524604060
529012135
557396418
514536015
664553436
693136093
799384527
499319596
530097077
582667174
583918549
697513812
624065327
563874969
364111519
440458121
435406919
415288641
464734796
541419383
496308732
523627606
526037757
504343626
504089343
489447676
429207247
538596605
432674242
495618069
520390774
504862463
527023538
527360180
498993736
539137890
539433399
563170020
539737746
527760743
558215060
505934961
522079601
537748272
558194611
520051526
463224453
475916828
468456286
563282809
538329116
542178394
569583572
621939785
538128186
572924026
473889399
423023476
555723950
462990950
491515430
498162012
553844965
535834966
561181144
500453544
559553871
454639286
554471275
434225743
492122173
457599765
585305474
535994890
523222007
519078110
520197978
531457722
547339807
427986312
326917734
420775584
480460193
436648000
493540207
528432370
637510412
519016360
511537957
494725748
429893218
537678004
393966897
512181557
502827387
569013743
586575322
608660412
587278120
531516992
549177054
600739590
485504133
466550967
566367556
546786034
559276985
619978442
560278792
580274659
657068715
526820728
478933635
597903712
584688870
520469602
563011953
606781222
616923469
568737192
590410567
558431259
584558171
638061505
403598968
522895048
475263360
540079688
545295765
496839203
491554200
498906888
471093315
527916351
453185189
552797741
463219119
554660770
435326319
541901713
555254214
550471581
495756004
457912651
425394838
431482465
422257574
534566847
567217060
704314135
752528934
664773811
737060486
736539180
714984617
505184575
760762941
680086097
926510031
410956350
478876937
448291144
510698370
415546254
438690717
419209981
485273968
471504179
495976988
424538399
495126952
455886869
688867249
599802246
567617826
612820372
756328241
488269854
490281283
461353524
525158016
431627154
434579643
483422624
469065749
433309016
563196311
555682308
568280966
541213380
629396806
596602799
539593986
488180927
511645427
589041804
536407230
554042803
478090973
472853808
465875668
486555735
437188489
472673824
486096039
407327060
578853669
564785638
554832682
560729859
573864222
592987514
527497935
534690617
520278780
576188817
477894801
597486926
420685320
430782929
514524414
538906634
452545376
450944487
561925308
569361691
521525206
525800791
507371234
459126288
552574472
459372071
596964804
452286992
473718884
564777662
456541075
388766403
413053138
483623826
592703567
585853598
642855241
565388843
572764915
502867386
663347402
545679438
573754514
506730699
481165548
385405889
449053062
502239172
515730984
509607024
460711930
519036358
474600682
477163918
634017131
635234063
660136952
517915332
518828590
505911829
511263953
537469889
628407087
316222949
434924809
405905743
500488044
515894247
500125144
520738834
500665142
540514653
512427971
522507567
518269015
479353867
480015201
518764620
564215461
447651151
519884813
549968560
518112125
522781971
449278178
378361222
419238687
533303414
606158806
584842339
563020500
572663188
609488176
582410495
497679488
536992434
478283851
324824894
419502389
618248660
690008728
688108970
676850954
659964682
712078958
536771832
514001262
703662022
311934290
287730798
456541363
504897930
558879873
514775833
478034801
499591977
574737500
501415098
546347382
529762713
445094568
442812787
483181818
488092801
507355902
464791437
502387750
416909432
511144383
311226049
475171695
466613623
469927212
455309064
479191201
484084504
513490418
522830733
494597147
446843358
478208063
560066154
502945695
565172615
588077107
594311244
539293674
523381659
409920161
427364677
457672991
142286508
269522340
500785326
519494230
505072691
561195091
522218988
523433474
530679779
496750911
503047893
300585900
514085668
557708068
506490147
556820076
557917366
556649725
534841276
506477492
576148262
530996255
464182929
517633762
575296505
594361137
605597425
607679857
613616193
617301234
597622302
621041018
303472934
481396718
504097299
493315591
479785276
488590524
488831622
469887216
490807875
493703278
436549416
568587357
516435702
536155969
600579636
609078383
578619640
583991441
570398625
586921801
433399629
257002552
563358454
620874690
608465135
610323692
634705852
620855760
636620888
657464206
617173135
486259035
327297258
414554446
534028958
501738127
563538368
567370719
506126410
512888438
502945917
522047386
379734834
452369797
394957237
443185958
465072391
479340592
510227220
500862214
519359965
468777175
269033447
156502992
305542820
346481279
389456234
387127728
408627611
390248596
398418525
300243293
259925852
306614600
354730406
339956234
360513489
322978492
337952570
348429953
293471102
252410684
243659753
200382376
192728425
227269078
256967338
265200199
278173863
270739374
306722083
259904015
286098171
296576689
259421425
253932626
259376302
279534523
273485994
337839854
309829943
317986613
261218618
258792400
236905147
201655775
252805223
240403764
245883882
223999934
182687511
159156487
170910581
91031230
136790470
211189726
225807202
172152445
100989183
186986455
228085846
221381973
192706718
94414501
152245381
207926475
194623838
97157844
96488813
148634007
174003722
88602205
83220827
174009541
63616969
59380560
