914177800
804464287
1206960060
1202325249
1181245565
1306955874
1012224775
800407521
1660107255
1538298069
668035899
721861057
723224896
919325839
1054615659
1069498776
1090448133
1210496765
1243807740
1479553099
813356271
800533990
791726979
844326050
963894108
1147609604
1059465325
1391917049
649494630
957287783
553323252
774952843
285898995
492939160
727664060
749671763
836172149
809531433
818274573
840154808
897730591
921158840
917804237
674091501
945943410
713975668
818181816
975031126
972777094
910913523
983967661
1015129689
442293391
707861249
612479373
923392822
1622473644
687315140
811763154
831641214
471990893
457995094
673946195
1225390627
1085509785
1455391326
717041126
1635789190
655186267
673719963
989489527
759348332
1099401464
510476587
406877521
1089070645
541842669
1041217921
1232013239
585410119
460821368
759073512
502344554
1788778120
559617339
1039794238
850706301
802953309
662706208
439482075
503349958
1098414177
774281167
625632319
906549877
558350065
589375399
2990973360
2822530785
716906831
573099085
717391559
963629444
968059188
908368720
2295092422
285056733
770262823
1175070660
767657840
830045302
1207672570
1214014767
1026095178
836500647
697655761
765517315
751448858
884518378
736363850
686468902
428147417
551748991
1501401146
1062002705
669777449
838985177
720985525
757876347
2188163966
838188441
593107246
392111342
964895732
967279308
683787429
704088340
2079026170
1418557717
318545768
269378922
1048654361
500577222
1011875997
1146838862
851260973
894374516
898824725
779890097
1310287996
594469048
628335549
646994531
551510934
673849783
734803686
781790290
667437727
902068871
836447721
664450744
804230426
2590336653
684490990
457341506
427183590
449907550
411966823
429090003
522368086
462930548
495970627
513455370
492669258
454532533
494978907
591238985
985140272
781688160
768189255
1096787350
1083938569
576285771
826737416
555732942
583545888
1038170409
749612980
826088030
715720983
1059005706
695510676
630798867
806422579
680404438
451641247
692248425
474731395
521042899
1102546422
659714003
739531504
807238202
744364887
718136033
640349500
603330950
658614232
2131558367
600772582
3865753861
783516546
474845916
931550805
1265709644
949585866
641608333
592239963
707673003
607487300
983298111
638643694
533709667
754725147
1083998354
843778063
499742537
939565846
686589177
809669947
926836882
992879849
929715035
343714820
690854294
822090856
713897356
882142797
746518727
587121824
2236014514
407041409
1474185960
604232458
887095616
2065446308
504743635
640965174
725061409
734920054
526098652
1330156782
874531183
719558774
804226641
657160127
736423677
787832355
834903490
860426867
904250956
988691928
596101412
867628018
986132670
550329512
564782918
636856997
974706555
600107062
781601956
875852673
591770142
596095899
665902071
699821231
655207084
875449664
952946075
1133371265
847128102
689437123
769882324
911877540
914538894
730979247
657261234
798098590
453916631
454272923
591905643
3993764501
763970888
565063257
753305850
776444744
666684606
824286515
696117736
550240053
919510046
441435127
450797870
627314904
574931493
612853354
667861518
676461967
649147803
630486687
868603514
874503981
496017331
777107887
531854822
475531901
499046410
520118857
535318758
505776210
500545922
632534039
610366637
684160985
632014343
650336759
552166523
660546231
641293061
645133500
392753850
456468193
442182361
513214253
489639441
517149331
514489092
546095984
580837007
512140112
556456890
510269090
654028187
668275928
610326005
612881022
654824649
689443993
627431916
699472872
370937509
831703233
730084724
584028484
612153686
611600814
643282022
668051506
745432446
611565272
575149461
581204521
546385502
575432329
549003908
558297220
678353724
630229912
624726905
595643147
781432035
475475895
633273327
996347417
629767450
728219022
466201510
489911536
566943981
650283370
573797216
504038694
439736911
651590737
683395949
733454475
576420146
765039801
687170167
536187014
594018199
530798642
718960965
524167718
466928132
564307030
665111740
611928094
526563089
461498257
571419416
657641426
446653022
525081440
511857429
509503413
482537989
480507142
598217863
614353249
587970473
648547660
651054528
533783552
469591797
459445385
459915441
531459947
497042776
503117714
534531698
480539089
474749701
463962770
776558265
839930621
860019198
875697832
605493801
787067712
861198778
983093216
916741409
1079087929
831090540
746914022
868808995
1081226679
676874442
1057698884
521090661
765265552
1304813126
800437344
499657893
588568962
436477996
542546303
555045044
568602526
627648617
672579757
665502517
622528793
707972673
655604971
525610617
566852046
623572998
522595760
1224124310
540707481
530034906
554852408
576566778
566314169
504293933
553647963
473149505
561693473
480879643
589089388
787891931
562035623
679336842
788794658
822886294
488671410
825197060
487441040
951068847
518348753
476926748
406970331
524279166
478083355
498221437
500118203
549122597
563714247
575234527
516489626
590383422
542380387
468674978
432926536
425579072
414792138
430932942
557664164
578271484
568492617
485196589
545972476
579639744
618459951
623917164
673759004
409132259
724034170
768930207
798137305
806721193
879733875
541156614
571773101
522561188
956621377
557098001
376418677
386764101
457833647
569280026
610447457
706306542
658986130
625038941
604672246
799345697
528334348
518043889
685892269
498974035
559385399
507988380
525743471
595677869
557101351
538749443
565017521
562126999
479010092
572004442
520224409
540755025
625333555
635528990
476263654
515392577
538566518
592615810
569407167
727412494
315615128
734136970
872418358
594712594
971634761
921677951
668312308
1298596943
817007263
617851543
433569076
715101647
802439362
553736722
1045856552
2303950307
683123863
2060723661
715151571
745785470
851964557
867420493
783065309
1133342981
808482670
635627626
968236970
718405663
906052787
676961443
1067311463
841345347
1393213979
654498426
680827612
683544522
586285815
605395482
628584994
503853427
540105144
518166120
469655604
726443542
687778176
659905516
602716422
658061721
781712201
457736142
475707322
419993560
379060029
348186167
590193442
594686145
573026460
633635607
640367496
694924424
628714087
623267351
590387585
455909518
396897680
406813255
491589242
521925530
558056049
581380533
609367827
567928630
608464999
487008115
503840715
462791701
418813368
675880225
729044428
688251031
712103681
669660918
701209589
733480608
757652970
598238261
604375377
354001668
754487853
628269239
952198413
1067876994
1135353325
578407685
889116455
852037728
480384764
565158844
554095209
696866180
967515895
2247743092
192937666
455398905
2497359873
382980385
448549071
454958940
464136360
500645938
521399161
317786884
346675866
367447179
676335556
712734850
719564116
662393258
683592981
638971834
657945494
580687384
546974359
551718111
396418364
508450100
532680499
529538042
527952819
544358222
538577461
563535186
513444292
570514078
306778862
428312005
545021086
573384524
602102129
514153122
629226285
648316745
656000691
612024444
476134157
253926173
372651681
559486157
596128617
624175351
568423595
616632357
617736779
675787469
622609687
553135654
260310596
522399985
389422733
501990864
531600771
603976957
611272554
588414460
627342151
658300267
692934372
534229633
519854810
449979551
705345871
790013186
902491487
734444836
480713917
451888208
766591958
269792041
899619342
325875835
354539184
341903252
434133523
426658679
506937099
467693203
537065334
522252875
425191718
448510183
474485954
375923583
468048827
454793584
430492821
453700454
475984667
480230653
476510073
507647185
494788957
516934518
363267315
567003342
557238501
566675102
574003823
597544027
704458612
773716627
784808644
794399869
737586496
452522117
441683607
415312786
451839744
564880805
581375326
552606700
573852548
552263178
594282475
548681428
517434832
534954079
645032376
490805849
505482932
524297249
500767356
502906953
506626645
545020100
532897413
514256075
443767875
514127771
529396931
474743047
542548179
517612579
522920744
514720973
547096339
487264798
434850608
467534066
496136777
549063421
535963818
516466685
540991666
563435812
540721235
541494488
485072797
386066806
426270993
467223525
541539307
529187653
547856619
552447543
557414204
571937094
452302889
415840454
491599526
502093641
504235996
538324360
541400102
549005941
608910608
508940435
576477348
434229017
309691060
365436110
505142057
526947390
557123165
494744435
490250242
500642110
485792024
464131358
462251811
407238977
432449769
473744775
411896131
462810601
528482237
511418132
538504892
515661821
469607813
534641207
394874909
441934969
431123978
474966239
514050826
480964862
505770744
497298140
461665627
519174256
467855812
453201209
450064074
434328274
466333653
446974970
450135812
440375575
442150826
427312229
459131488
504923407
470825065
491304628
456817413
536426751
472828251
503403541
538114283
549216859
463305080
485894467
381693851
460526613
459543144
473803883
379204903
489704968
467078204
510682477
546039456
558850347
585001609
529854574
350947452
747398066
783792966
858826117
860624857
807980206
586042201
593405760
531209110
542132233
563574026
397610737
505392245
538758184
545489811
518991594
572079162
545121406
516374078
532544316
536194537
552755316
555322089
571173940
818574571
818955947
876106486
838772930
839608993
462917974
779923848
587904258
568971674
883247414
883154141
883687693
880883974
899266271
481792928
559865382
2011081564
2062008264
334840801
401055849
377903933
461168428
405534239
448228109
445046482
478302145
412040721
393337017
412759776
427376136
410237228
447682456
451244491
424688945
442597516
372709997
275656781
378213273
483457033
491913989
507190382
507768850
521000634
484680548
463821425
470030319
477062983
479037719
411896973
429923914
490856281
491044319
501195101
509751309
479831475
464798316
507578859
469655134
106047362
270799707
385747258
396143320
400583624
426852013
455810389
451327270
464675701
488524287
516910681
423463897
514302595
554937198
561061283
511560308
540041348
483275989
482273340
522894858
502324005
474171381
612873196
603890302
628141627
617185672
629459198
591363540
628756507
617699431
619893470
507155875
125487852
141348135
329468936
415216387
535899305
558675738
559570547
559874673
509827546
509395538
510232467
585843623
256540176
241811131
421752030
459656001
469232303
488276622
501196941
512714664
536218419
464922184
469481416
508698192
372935369
321958597
356334527
352494974
578606780
658078102
671162288
683970210
880820561
1038931801
466002592
917752081
909678033
582702527
777165094
912640086
447200271
397306309
441035305
333107119
275038480
448411348
458706036
442824988
487904637
468519606
529381337
549285424
401065430
458029870
408495785
431396464
470197933
486290513
505874444
689229569
602871090
591349572
532313596
585598004
838404874
503798928
516801020
511770020
461118303
457258933
417708714
472003074
418542433
408004604
418956177
494450671
475919073
541110246
443010197
416801516
552441586
519939159
528138351
569927063
468363361
399704028
489307919
456231303
441377555
429690163
412476026
497582663
547683414
515931985
504905346
474099856
582531250
534152707
455060546
512446777
435281373
447369816
463450256
480419517
495398447
466012582
517441854
587175195
499993005
534826656
547508538
449911079
492249105
520479510
461682444
468035478
413196201
367461012
502421374
498568421
525998314
478575045
468052762
524956410
438122557
493217523
402147667
438800450
360570838
386903525
410690728
527441381
502626412
510288083
496317708
520395485
550207179
548586975
505048312
454088209
601027350
607778494
658904984
609680627
628788510
635596472
559001146
632385053
519618318
578520878
467886298
474641984
521927211
485421968
541058486
538069882
561644967
490534637
470303760
543817228
583275931
586177851
561132821
559346554
613443696
541647124
516345821
393743403
474583645
479854287
329984512
413526295
523706225
508233179
515889958
542704263
552758119
570492132
607001444
610123967
550255750
599104012
519484445
526964589
527850436
566349953
535355526
501452300
484073743
421610174
535568719
344482126
338162355
373316539
435407216
505771169
446401449
492768033
415296844
607609442
610599627
363924996
379453223
338867272
322133003
176198645
102894239
111829957
193244956
180330505
222631917
240074386
416315257
409600421
431924052
434119030
436181716
386158633
412499643
417765430
444220528
249037354
407696663
502456730
520736037
529421230
531227163
535290796
545673307
540876766
563172656
267220216
141718569
151823148
154440809
202614890
211269349
186743231
286823283
330153171
348894946
354129203
355152146
356258578
361644259
329723579
391772726
415999936
443455416
476050705
473204397
562047363
577260462
582219994
533055884
538869639
547236971
561730574
579783252
429316973
420248185
281132911
277761446
142375376
165933142
168821203
945221175
343549254
363238607
369807487
374865341
477233785
415746369
469208899
526452030
527135260
281020625
391810935
367401677
397022224
386530746
438041835
448470996
519840651
534103234
486971212
494276614
464042231
487404205
498223635
492668208
279686115
320434056
437312271
449437618
438479751
485143188
498629757
472404202
480352822
484987482
462557654
431713622
368297927
357631947
513208794
509152891
537799431
500476435
498182628
566511774
509838821
427187624
444191178
522891272
396924077
383736633
388263258
420214908
416879516
423096830
422276483
390296196
414066991
514155474
517396750
465443420
478715193
499507660
458553423
444564955
480722087
517207411
533654874
435215338
583938067
591681508
587041519
659903287
515965022
669151453
532223474
542589237
598501016
938142356
546326809
522574395
556450739
504938264
545567836
526909518
375649606
370386525
299003473
167851878
406450049
427333754
406255846
466320461
473454705
583606195
539351081
581867600
501775165
483083026
463620453
451922496
507824611
458186108
475130074
430931738
477304279
468322356
467094364
432380224
378861821
420175529
392129196
633547249
462143723
528211265
484846324
517007109
527197084
490510379
373953533
372466610
429524087
505549769
533233191
480379149
507004646
486828217
528991642
530086833
375321152
350099813
433622951
422186265
493846237
530289720
509156001
524974595
523049040
488084107
497452050
515589216
433564659
383695672
504809977
430564770
494306170
487577602
506647479
441241517
478225554
486661049
483433904
263329889
434397937
495209498
498347742
463286933
528226637
480157306
499878818
512736439
516314447
463611684
222109637
444347735
469574746
490864652
442125996
465125255
476959410
481393918
419190735
466737000
336279696
289579229
302907430
422041717
478487617
543781362
531645631
591492581
548343878
607491595
568052506
448074925
450932521
541559293
527838869
515762838
507965011
518154859
585042541
490808083
541340782
485989896
509109535
516714776
469093040
447246082
488151690
457707175
448912221
402164594
433784554
515017676
444480633
455300969
455446929
483544379
428508624
441770292
426781646
404644056
427298329
402288529
355619479
446146735
483353787
398195467
467101945
481704918
476697343
518465238
487901851
564199019
495304382
479820631
437678809
508354325
498524437
548374063
519229678
481041355
453339001
519168305
517026043
434462836
473673985
534422498
472093070
491393776
552344653
471377611
494115596
433528833
558377207
474509461
418505003
426046673
351174800
374889438
325047988
370510894
397301438
332603174
502141807
597306526
436309788
452403506
448669463
494804602
417748800
421356613
428162066
430242900
475872435
484153136
531543163
540445022
548010589
529698894
562135446
577585458
564996849
759630550
439762966
472424624
436428358
435305171
454259792
401721830
391503541
390475297
372033227
171099615
322723051
376148491
492475967
508320680
534197912
500621791
534020269
550786417
570144356
442226133
535401286
819445265
430406301
520967575
522347841
517330421
451901655
495783079
475073143
465680644
407612964
504735587
512249075
457940352
472681108
489802484
477140348
453206145
467936034
365204947
374734809
410432800
440500754
424438025
438012029
439540283
447067877
472812517
411255848
424638476
416050793
337192108
475288003
448617646
492858409
496408403
514268989
516149039
479171429
463973341
466168885
287401550
389019374
329100369
359112683
487938843
470530445
528900732
447118851
516678909
552206778
555263448
441741998
433486618
472094175
478754752
491354712
443525301
446393235
468777082
478215227
491313836
481877910
741401836
729301347
749416233
842217828
880244181
894305703
390245350
911269789
586949075
898814201
938849975
352633629
166748815
291180902
493493967
531648318
528564504
579671038
506450931
580412881
581196955
567137082
558355379
440421023
353266411
532057929
540235534
580275079
545340867
551431783
549538947
581081950
493943471
502103286
777168768
490107890
573379231
514309371
530209854
589962968
617450701
542389693
539755844
466349947
281872152
325023311
250301964
382445816
425641445
415531040
481158031
514176867
498061702
510759156
465970909
554581931
516019919
458410883
611146269
547045058
506576059
520244356
548293715
486771979
450709974
546234976
460393999
422862134
420075032
445848916
437171047
517768494
466949024
558642993
532892829
614494453
507261247
544098355
601788986
563499163
569305399
511988148
489931869
529095206
416084316
521503343
456119978
364854942
424705091
430016981
434081101
463500485
504246831
510141550
529106816
547073077
503713355
405328230
375826292
384786738
427372302
483631559
391916423
439017513
447540165
493391629
488099468
521293510
537865705
598576385
576234105
482845935
546008037
486841080
440803699
479069724
520344931
560131054
503059884
470799437
473154849
431964224
477060900
519321920
543710015
490013256
515631176
412671968
464254847
492036572
529081147
555293593
458795096
490942002
455673770
564163796
542686404
481394494
583402770
527705332
586788762
598072598
566730094
591930724
606073791
515685094
502695198
506789931
466118852
467053347
438419618
486374592
498211636
523908349
620299186
793808847
777523281
768599339
840285572
753267258
995847746
760340687
726612513
766488882
887654488
872295288
1309398973
917450775
732244247
569235280
487694308
779380474
523019061
468266191
538363605
481711924
512254351
555719331
562432612
589007243
571872250
560510358
612798306
442711435
344707974
365101521
442255686
477820002
506999862
457198204
516255823
523804411
481174061
476925704
438870309
370906798
383359269
518306967
548046680
529553977
528126856
488708530
509095906
503665484
348017833
459506167
568261423
513711037
537602224
516492127
519705032
553130868
538755516
564364796
519382403
450362127
429443602
289127926
505760472
566527053
583252991
550620491
613883358
588206621
562634116
513108481
495998461
323311924
696348150
499697012
505275281
454699958
488246569
490187121
422628747
465700435
330784863
424032407
300767340
431744097
492090156
500493367
514843087
552159512
580204824
574935249
567416320
583763080
590131958
448513537
476846214
507774215
537973701
445343774
467741973
491272035
451252811
467208600
395019193
437086546
376885813
408184214
422379442
498255038
459762591
417385047
462544254
442869032
415724737
483458887
388273610
415791607
418222966
489124233
503935655
528894897
515883089
570572756
463562345
531106391
532337884
438043280
520489945
519049777
559358966
516029785
508384548
456739582
658678750
565135542
619465280
654719154
444399414
460317420
496890361
539020376
483322014
437352676
461498696
462637951
628665229
614102868
659583786
573080234
570771022
635792925
548101504
502048863
498102678
820717492
343256488
392590970
393521413
411600095
441166262
416105866
239818757
213426228
140307701
425357979
431216858
450943220
463994840
458598268
446841390
470789460
462813930
496939654
424234954
482199249
509142501
505683399
507503981
536516748
507470840
473709652
515806426
517071337
418475483
125824534
274080427
440298328
459341921
440155900
464852124
468986014
482712088
444753490
428323607
263473108
428757956
389727066
470622635
484139747
458387801
490924370
503758971
493096334
500265612
475530082
654041085
400973517
413819127
399684942
433097157
451201314
472973415
534175864
477351771
502437478
355485828
413265116
477934181
418188189
419745299
445324382
464468571
438948366
459408853
459305690
423564144
376226051
458306271
512890563
492268247
495445286
485993002
506316300
485402914
470999277
410432244
465573877
363420542
407873734
429490548
399957564
437533408
478886043
481962643
409326251
383074255
403598233
298623742
296870210
397454114
424540423
475685888
486774820
456838399
483234240
483455783
486134023
508243483
613411217
503481179
582495719
507099792
518137929
505361540
537408990
538737923
489005372
511771537
430053112
418102204
459341812
499446663
508590201
534123482
560717479
610177262
501286535
557256644
437739859
385547768
390903661
424988539
448603188
427199104
426215395
428311861
415352816
386311556
465232218
385760868
346101160
472634961
476509679
458182713
506868767
511313667
506984812
521211787
499876688
472533397
567168773
359849677
387025541
445376988
526181968
556443570
500225385
463889752
473770718
516829933
474762869
374506297
300121802
350291694
415279774
432290029
445485424
447080122
429258135
587356589
466021124
478156176
487432379
502699488
386193697
416900474
364875499
350424869
410176450
322710971
373067876
388210701
415523053
406480503
436267818
432018186
440889777
392526082
432549533
342290377
454633214
404199859
414179099
462036821
451311000
483066219
481795693
494657480
467458334
445551690
382659698
412588258
431685464
484712466
499624861
473135870
593427717
558242323
591959098
507375949
411797248
451885236
412940332
310184878
394387619
415689690
461614302
480714393
497624865
508708127
464800661
467364766
466067373
402910721
415102214
388650330
456121859
445668974
489645577
483980331
450800652
455471313
457240700
490831059
477893499
471672080
501195965
528103864
454028744
445702419
486941534
551508456
494609264
452339821
388526865
385837907
359413729
497199910
445649333
518709643
482135079
532565278
488625696
423613260
378220417
360531650
389440760
414715347
462741621
459267232
480218298
501626768
430016134
493376168
432203189
465304896
422077595
405515280
436671750
417444943
456393277
442296982
458705528
457199420
459378101
448256959
357493476
360845622
459285280
440194793
428765564
443749410
405522982
447456916
480536408
469994406
363153496
321047677
150600305
162254747
473278327
513491246
520697249
520983386
543248612
482309456
510280979
490347107
493359380
494984032
310535845
318630537
477839887
498546175
509058487
512741761
502843834
530187019
447418919
451087215
361991397
448760656
433978497
499917212
511227187
499124004
556198125
549183642
538921355
529046841
429291230
480656561
309504492
419987560
423757636
445921845
450046955
473193729
423169038
427584714
403303319
402662198
418827968
409823506
415193169
445666702
446509866
447125400
475395117
386458389
438377752
287946666
342097651
446814320
461065803
427981173
463900464
490598702
548894127
538768079
556525017
543119737
487272839
499361795
500195021
900905435
512428477
508849208
470139244
475760286
476004496
486514473
337899742
321948261
374309448
378072089
437514736
600086575
573676669
559149746
415825757
554495400
418306571
430955841
445739021
493098609
440279474
477082822
496670744
447635540
510568131
486873229
481949411
405576234
401007475
397634736
318149117
461219413
475667595
408433022
486688682
487763622
490491433
417923152
498717753
500182759
222206861
514096012
528806784
508353568
512748847
546558766
546004835
550984864
564496725
481125323
371008795
430388260
460474924
493917065
483709481
481798528
446750970
500702434
451469902
520187327
401535900
210685745
435441579
513681168
512005253
491624506
499800916
503032743
527181902
486408667
445355436
309150856
52048476
512028699
537943307
548181968
549598518
567093691
568488063
575168704
577524789
571516876
553882399
204912286
297871910
370644603
381632351
375795785
394770946
364493582
392515444
411318306
338263872
381345658
410177253
433270753
439120252
451646607
419031708
460728822
439672577
442190251
398268801
337219309
347879288
397686524
402051473
435748043
453860232
466584474
503329921
478712362
471655544
430937439
484753011
439355824
477641931
474647240
500133975
495307429
476884263
498643477
434277968
430306860
403440009
312450519
318697401
400187127
451374156
454452749
478849258
478028391
477908860
496288281
439012214
543152643
400304763
438076477
506423864
434024651
528214621
493076895
489675505
462764557
498847302
404647719
482858024
445344831
388145937
428424365
454165274
469484329
470206269
417248420
399785978
369787142
416696176
409835742
379737677
436587516
433084165
536853933
483549305
475988707
536498437
552017343
493731104
408045061
312772280
322747408
153249740
431416825
448200943
480514653
474398917
476260352
474052795
481556939
483935653
414603992
417920920
52076038
456570339
461454261
504617278
511283697
518374321
520592278
471402717
548338544
479167354
477815129
263800828
266093334
446406675
441413362
445551030
497269923
424200116
463526242
490946357
467798290
295102893
242720755
440678884
490248671
487005693
450918600
482796316
525029449
495793136
484159393
545963340
490426100
403168812
461109154
481129544
527469759
522585733
525585428
500588481
491412379
430784699
530039206
303216891
458767896
503403699
452832681
491191908
439594081
484454517
472895165
491792658
458213837
351654735
348217341
443619916
456844907
520799597
558322047
497517799
483967432
517884790
513190126
462689766
440688873
534719280
506797700
520651417
496354808
564359460
550393636
540154848
532985331
569171306
465513229
441070329
482325479
425451282
399801278
410647905
438616570
409331106
384166401
426773140
538645515
756078643
888150774
680555326
771859308
831971189
839619197
855327633
655713575
1198573435
837763965
617534535
623847572
485596168
859413253
851320207
505259124
1008192076
1082123363
1378585571
1324003341
678655377
167718395
803882354
1044039468
1060191341
964807304
1148025727
899849543
987551526
619629580
676257350
442284717
1070109277
413592005
514611471
996792306
695616747
703621659
619017346
771454121
898631418
684761846
708016354
658181452
759596247
759907475
696427812
874442795
776608432
735783522
848614325
799030969
955729034
544333335
503852165
557470579
573674121
622552261
202601617
222778641
215235656
199057307
265906566
229037355
188242834
203464442
231647396
278206389
267523129
242862636
210230129
107850146
53389136
199674411
208129467
210969849
151535243
47857286
94583699
97210927
58013284
81363041
64041175
54221405
108215286
182126491
103524347
97662067
