734677697
1127720919
1226621787
1027217289
625588637
1325194849
858015015
979725694
643559303
2190506789
786002071
888640013
914866870
1111870035
1221622186
810936390
648609425
1594416429
684787747
943462559
784231703
827246662
806592478
815842095
627889935
516144285
1612662889
900232548
1021388698
1201128549
830903605
1008870947
1090605936
1122591320
717939882
1128645714
856449373
1054235054
4939879399
647415949
786747818
706219113
816859744
818242986
751355504
1048506698
1052347188
885908508
908425615
969083817
853763336
644130646
827192525
852878571
947101911
974360731
736878877
710087089
1044318821
586898906
629547597
2606012556
1013859443
761085939
1639023648
1681806842
981276885
830920370
768355230
566698589
649731797
2316375769
904560807
1526015269
665913912
690703964
495172319
560385773
1132499861
1464107342
707693210
677193137
603790191
483172809
2189985167
712668557
949991727
735454249
753297409
746292115
1085176335
407416814
744195047
828602374
1071938183
844808553
945201917
715291887
887899220
786063051
911318197
724374101
513655500
853719069
503764232
4419322548
711691470
4454612969
1397072426
923424877
1033882972
3476729708
708008167
625435626
1002668406
513266257
877475785
667531699
744516819
736185742
719265258
637555976
844905811
591526592
898430771
887282623
726549119
1852175644
1649521048
642626690
491600847
583271029
3187381543
997847251
924456057
774808132
914243392
397812911
1114855411
809701459
715679162
413705550
3220675040
660489733
601485810
2730424176
361683668
555654172
608855524
508330155
716709427
477282568
2002482372
448047343
619650513
768308640
808845724
714906976
672202564
1520083710
963496190
695482407
987203095
1121034086
682359233
726230704
694897247
619948486
620160950
684749511
805743393
636795468
688088276
4763453782
474097496
483047142
1058527282
869147695
672395065
678499643
763959465
971232357
627201927
567575119
817563422
848691046
756187666
854756606
661598758
1068890568
519501956
688834459
742974378
1375693220
983304768
705215179
608082917
882574074
698209304
604385543
1260309665
896035584
850284536
925686141
821787837
837499555
774630348
599709792
379730875
882215487
837725330
5262518979
942400612
702245312
874162805
3123935929
591227462
2058639181
827629970
737562016
585467548
1269627221
766731709
776224086
1297350508
930219316
733100749
603272589
581230627
871868498
1059798420
1283445467
647650748
522480655
817943330
1265765797
599684713
918398322
680739306
801374483
498152848
2929417493
704341826
1018327842
624351351
843448563
623847227
1596934966
572284822
2548933940
563033072
847056331
1036920432
1412917545
3492069825
760953698
542010207
966769166
760376517
899445765
636846353
559885950
764875922
1237160425
1633600478
707817585
1178801624
708351007
931390662
861942063
1044215942
684870689
642450599
695986827
952212460
728863210
674024574
691454814
699908759
970240413
1048503819
908309222
933592263
878779302
884991655
1067182389
818918235
710121186
895440720
1299979316
780767036
696107073
1255440271
658266660
1636159060
621709644
678693356
728498439
1320552702
1354588120
763048243
850388078
614572139
1020566224
780610731
888680894
962998963
940666596
979980796
749881249
918985231
830804895
644560561
590197027
555985314
7490733355
619638481
704004992
640438620
920790946
847082613
743768476
763301583
1082325441
503049753
736691847
633816287
1006430503
884234012
1199318527
1463440846
740675077
1124423088
780033718
838845011
1037982075
1689834886
923395864
854698225
873194345
716525292
3314874184
716189258
948239860
903627592
955097078
826918273
483658355
648301799
815489096
988097500
862038401
1307499586
1184130977
905829944
523374179
940440119
858816445
835291611
590536816
2670042981
1056195964
476226211
881582038
752379644
771237352
731022252
876626314
625762272
762472941
359392574
844046889
2818885996
981884412
642110162
833245817
1333153283
700325414
501226018
851914049
782623031
762949871
875885341
425822536
739580313
715589217
716769185
1457838954
562795714
945179369
1060420382
735745690
1165674508
2875611286
526044387
559147201
626666830
671409040
791756032
624160475
471255452
1822684055
622252569
1594983311
864326763
2862829184
737540960
1140243238
704924589
760544647
641862527
489479212
7159702279
623034318
1506020571
688939413
1142941142
1383251224
723856546
914346935
759916438
619873186
1207181889
771293229
809464304
779577224
881436019
821739063
838117488
742245094
638965388
790261518
511049238
536818079
662871556
952166564
704815533
1021278048
1071130640
808496006
715581900
1333364966
783209053
887621016
839765831
579171457
791721242
841907210
929546889
1046063977
1158778511
783087737
658998210
785516985
866592474
974669817
979089438
525891213
532835957
755846701
822162786
1019215762
856867751
865833856
414602988
439254310
440446479
2740901508
544592756
470845989
715208601
747130080
679732091
1063194206
359632043
636709274
765118279
644733353
787225226
1036621056
508161257
587941183
551266445
982547363
2437948912
2287629392
871530864
665473722
647966237
1535027633
895058575
1101602637
966517661
639091410
579471744
729068157
672391760
3891535415
632739620
656967331
738230801
678622929
710593731
654996385
738929183
449391541
548540488
485853674
593351993
542642704
589291113
572847578
612019855
692291368
715921464
689571730
750710104
672696468
622655244
812859504
536915164
583891092
781593972
869385213
1062285642
703135333
1241646070
711338092
711637737
713230720
759041878
1466684341
490189645
488046698
359380406
540390707
543341717
609731523
686803475
731781968
706092651
898220403
704990911
634264466
685156617
564059537
895995520
914908665
676807025
606386480
736021783
704746869
1137683525
986876234
624468069
1139555954
634486897
757335922
1068358522
637012253
653269772
563513205
628156123
710570098
1686141169
950081728
695310965
658962790
626895300
697464823
752081938
762113417
573875675
693667592
3356983976
443897910
919984424
539005548
1245967066
3120620641
800745681
512524420
1596738221
1000393409
699477676
739582654
874255977
700504625
1765179973
639877939
595928910
564728973
567064063
457549800
616918138
592639658
600974863
572383429
477899051
484812996
485983934
494411203
636144402
601548483
720911097
663966462
668276387
649636108
724097749
712378963
676657261
623697138
534613045
470754752
610013854
607808291
628202357
596697538
579414613
570188138
579670232
621104966
618812598
437207055
477112798
422812327
645723334
678297269
694396389
676909316
698213634
621887187
814350206
987150963
657167459
620932042
793669832
904213441
784892204
1573787107
672533716
2009478560
1269507970
662857111
821380373
897288310
473817730
603790385
480840657
476037211
529432074
455442412
474920849
534339772
526169505
666464912
620011689
650902930
730949230
662701175
651292449
717752867
620141487
523504258
742598778
516556431
580609152
602754061
578756184
578629908
567567955
471158409
546194224
639472323
589100652
581665919
499865142
490546550
593461079
644311030
643976104
590986980
669481611
796792697
809350023
871035110
564383064
1012748741
629768691
1191688992
848871275
948176228
983218776
809576417
596904406
591136933
459937213
1012098507
1055854595
964185770
1588173272
1616938035
1146596508
795581950
566207274
531486382
677424102
579889696
565802491
571116343
371399693
387344006
662179979
694430724
723431969
726286591
756679737
754868880
723683018
417000535
724350241
806774584
761430732
823653168
1227872955
935650861
1281902218
916634705
534617880
2283084285
610612862
618680502
512427122
673535193
565236148
528498027
730755470
845965833
889779013
428140705
459036604
411863141
484292371
502823198
486079031
666837897
572547371
677048177
595016125
470350945
547611829
620205883
520331173
448131903
455310598
505905568
584068205
624378508
586760188
624515176
639809648
576378786
694975644
758389831
1030698938
609470857
630452435
658926294
561868305
648829652
480352842
573827798
653689158
922879847
605218626
556683791
562904300
640772375
500125450
649218381
518923290
438018186
439704086
523094213
516467795
580606214
540243031
609055310
611438518
638660136
615377232
419994068
542356780
369764689
491069099
568950953
563293695
553815137
563238924
574221578
580146547
543449049
575130344
231838864
347532930
482012509
641316271
617369035
627569283
569015524
658890938
680586004
611830160
599899335
604892223
327411201
459836112
531862896
642144599
672371347
694598583
697769672
740602382
718081098
819391738
677452443
490402074
608088962
559450557
539760330
509677426
583289401
481956379
472448930
487004687
323410621
480125851
412498360
450911120
468851921
467888593
531781618
509951397
528753434
529969427
525956048
483489250
442620944
498629000
551345592
567579747
561335607
492858618
562639473
503398794
556678951
463981407
414511362
481407248
356410200
507904962
503972588
781474714
805095643
800286050
788549797
863203273
662800238
671756125
657050448
431821834
442030553
427078777
455931045
527741298
525663547
524696275
642312366
671252290
540798437
540919209
494136000
459324203
553881799
500413211
491167360
487840610
597087955
546933064
530731082
625587850
684631071
599630694
590996254
545892916
571954543
488453935
726224055
670454029
641702155
564282954
629402246
526200069
460410978
542141740
625027362
439825991
499906049
471211160
452072652
479509421
664416195
757427424
786761719
630877378
637600801
580332889
404968917
758099642
792170378
478135690
686468971
936255263
940296734
948490175
1129017323
750325787
726114950
839293363
1714508272
1424410119
393548684
744317384
591921201
629417410
426099786
428387927
453292497
458909013
485823400
531240896
560059166
640462792
654177016
543447845
678254700
569113569
813791795
663208712
434629912
372443493
469694418
528140002
601568232
735877776
950695806
947178038
821291864
750528849
800091170
1249851378
1065854804
428662550
695395747
898428608
531219008
532890394
509727746
505774356
648857924
412126338
532212849
520863153
508340011
589819092
549757921
613418186
608444258
618635558
578084752
738877090
643698335
635659585
642025919
615559492
650659544
620652305
886287214
658010019
480128523
591317337
1164082833
829527399
856181536
878103984
1398128227
948938738
403301469
455512025
574803620
415301664
400266342
420709459
538195503
818885303
886795128
927756057
735106865
727849038
943108179
456326364
991352640
640444151
574072074
655294640
607162681
740479991
631492634
659607324
650249033
619991805
632006912
701139042
304243134
527851875
578720682
610115341
506787842
558917047
544934458
562034730
518658651
422132930
492714100
190030000
511435163
537966763
519172387
527957911
563184002
583583043
581199407
596435412
590825630
537019119
587791850
629966595
653163380
556783200
582342202
648694413
562503814
581464816
598119851
525288863
342426046
562685792
623590712
597676575
650850248
578122044
635029811
673115158
692329569
1349880304
1024052548
619542468
743944086
562898597
807588457
956618462
1021863803
662067757
793805976
842530450
916198388
542560208
675983258
976730657
1399407462
607989983
454672850
901615608
660337715
820468850
634847811
1280884838
717947271
867569801
780530764
872172279
454853628
3524896567
1151235502
822480654
1137228768
609494924
3719256823
619728818
457606285
517358725
500893092
583776352
703449452
652069075
588412522
644264583
645209434
549660011
406688816
431105028
445565197
530175745
516392526
507888217
530985652
510984800
736244401
600598627
601703217
826848271
842078407
725270083
485799508
455615348
577778507
530496599
553019525
460814761
573533368
468968317
813708798
861693250
755303606
822740952
838220285
803847869
491988702
359850775
515200198
387683107
406052384
359142623
560749341
566993830
580367917
544443192
556985221
633479388
561489815
600729433
532505264
738304480
870824475
809765277
861335366
560130219
828964698
959928800
1210232015
936704848
993993360
343988772
246456718
557445623
567397259
607681654
593108674
577093795
554255885
602839059
558971241
555010343
442147059
355484604
403323969
424931145
439156923
464753276
436469473
387590522
395621014
468038513
488543193
497559148
586975763
634825675
714910025
943611047
1104787979
668009008
648006958
640508670
684971843
704076278
584432318
593879555
483954710
418950359
480740514
549200384
579587759
604005265
518722777
564795922
595266627
556557237
518606547
569992381
338770077
419149459
664034988
568148980
499073573
506345596
515017943
599305220
531366644
570811022
462584564
453048710
578237859
600829522
584102357
619203755
628132474
646876893
618808205
660755631
599295598
509940309
370464036
387754881
474010140
540809560
576743561
618181223
567640371
617847614
609105543
646829011
502113641
547996045
461309773
473800508
432050401
418965995
480102520
505955669
510223530
560771790
567338375
564487779
640393265
555637772
619656974
785844469
831461511
842812626
813432232
671643732
735565810
766882148
710990564
716084945
1466980357
506054023
526741583
496229325
582847752
536549053
480741904
575630069
583177871
538778877
411613792
487442610
507939156
535171502
537750989
660609253
660887088
807818929
620980893
668918009
687475252
765601689
592271657
678291136
513971243
446938149
449117014
433946502
721730507
793466018
655006027
609053876
733976675
752444433
778162627
492020035
503349128
419513799
318406725
382133416
403175948
532631731
540244939
576868786
480429655
574973887
585752389
580745436
471328085
585417445
430831941
520956131
508396113
598079802
565395336
577232879
680644637
658810941
547887399
567982697
654566092
529134146
510298460
470340159
523408521
481424783
576137133
519810596
483200142
558599499
566349794
503867806
488503251
449076222
533088777
582030728
565490849
573870024
525396739
492492360
555896214
607251713
631526377
838762924
796716001
697455262
658877989
770627375
657062606
821204359
556489680
1329470620
729803477
558536492
520522966
520175807
484047016
616653366
492023232
515172406
558394922
576316988
557144909
641632817
682687625
561609557
583234034
576264600
581349021
498746196
519628462
478494959
371428165
417960464
446852834
524807230
481875163
500138991
547308736
529941666
547250456
516097328
575059742
563085210
697501963
624934144
563407963
552879756
623702991
505605277
545002210
499280358
463593284
437301943
513225369
575085223
644994660
626349761
656443149
595633851
585649814
722728357
502245054
604067446
446690425
491250965
448144148
458339495
446238531
484217667
513884741
537449262
458516074
477482799
492026640
486012637
471130093
535430123
530927016
568780962
492357323
472065424
473399358
406424010
495988028
476015294
489597249
525265911
486691476
438910042
426766725
756131498
792182856
747514508
566885288
892200050
548846321
476568377
564455609
478614688
579990585
450662769
494817396
551048594
578681385
545495196
524307187
582353031
618095982
583212051
577010523
534643362
517390512
466440860
567766070
606437841
544413713
575068305
620304355
520538005
669441935
536954141
596585197
632230631
548445317
573288576
639280398
612588554
564183464
712094264
490527168
540313982
422373926
472112869
503710503
528073075
656616347
711608097
714760471
585028195
627826011
745194433
526886018
630842897
432726755
501151298
462821626
492103655
563834698
547320448
608135018
569244834
672219220
653665602
631596901
621283478
514186522
627686885
540441535
530738515
520489696
584249414
488269558
585274062
523011682
507555200
541869536
568728040
588799437
521309697
535158894
603771451
587000961
638140517
681008508
543541609
513764384
402287315
501970923
496148372
488965889
581831243
530318437
559542561
584053048
564874894
511592105
503738563
902151369
494245691
723747995
745214751
762123995
491722032
498115942
541118385
561791815
704884390
505650692
617661457
602194958
547437920
485905506
627023974
603424018
649935234
474548039
454203341
364936132
479246448
512953031
527113614
543439721
585938092
604492857
598566174
538655794
572892995
831904984
771482684
797951274
788100184
755387034
756070290
776600066
706481964
767943266
850105088
542448186
348598819
385112734
457493135
533530159
548831044
548392451
524297738
593611091
391835650
470834325
431495609
462057521
495757362
421585778
463100333
442336029
475606182
402019239
255195861
257592544
278109321
289570830
344847153
376723665
380470495
432921331
389988751
491833627
493534225
504370908
516002647
397590771
462338642
479143295
497159701
411790224
270088274
298853545
318062443
411081179
409344588
425365883
438227887
515572430
535659293
627844398
635693483
593464944
420538399
420694749
415677366
425439133
294522483
404958530
407083441
409902865
411336566
403676710
437841420
289411345
363489469
397856336
396552637
385880845
404203879
434996102
471946079
465942699
555118799
558052951
592797087
610504516
397520926
407618169
209358580
119191425
119023386
425514154
474537256
471498345
489499400
489574926
503723480
525229746
581090608
618447427
662864253
517728039
558719618
541581875
639895630
670117675
679988217
692040389
583643185
660369111
603022037
564778718
665403907
488014045
505298595
621174952
681124091
498096832
531006432
461038277
505548106
441912367
434295175
430447698
443499875
447132265
563434566
577751437
618799590
589621710
599453154
556356829
550044709
577722257
448538346
599551252
502144087
449832160
530844470
550969306
619028220
527257627
504505299
561907523
603103993
592178626
473349811
453814773
638047386
626425463
574334467
520143782
508605071
763445986
701779458
556291991
661535598
501650319
366361076
393120332
425950922
539079087
569960611
488403329
473835436
499529199
547087321
548658806
483352698
523159549
571944320
523242185
533998389
432746200
455373124
562484787
556190182
511649734
442201472
450169579
525785961
513763265
565226241
514711182
513700493
594934248
553093419
641959035
516120163
551957012
495677193
423151331
465377354
458507789
466704250
537917268
514919030
558491797
494674214
508420779
463079248
499967074
499068221
497230195
503112834
537813311
524024068
544344339
581996760
515575225
564374608
521626183
447262540
447189122
436727819
547161875
497828534
557352685
531046532
561102324
546508029
494325668
596943753
508077889
479782013
441854005
468951950
453671103
448804658
561226456
641035614
635402845
893400367
561139674
1020613442
686233378
1093210003
938253142
794165203
496378755
695743530
943578090
1000674702
651760428
948629290
1745272015
932245719
751204901
751481363
614355767
768734738
584394548
618233282
602524740
520463707
452321802
459593028
458170531
591545702
514761499
474049907
371948979
385814227
532723627
529072792
520300063
530598351
546810135
516235446
482445185
487363021
530573552
483221698
508653810
428002950
532033904
534911510
565958616
515676129
529259987
528624982
601629413
590413207
525749676
424108703
438229472
447221263
593784109
549535753
579635598
529136095
564875916
560166192
654868316
581773148
594458390
651497779
683582416
622468365
685214339
730770882
629840426
728088761
597752318
407378344
1092670941
301546628
334083445
365581488
416995727
487016768
480634363
526918850
519966706
501907725
558725835
502247937
425881767
441701917
567230125
538724546
518010124
509952429
489520392
596449112
543328727
597599245
504611793
507867634
615677279
532783419
472157423
520899579
494368504
516962150
479091528
542654676
408645491
449562767
449037279
394334719
465205157
451551440
510297165
514556462
443284783
427953189
411795597
500634681
382360136
489062022
541893152
650792043
637692799
706560508
653159586
718015194
638986401
671966969
705767599
660549831
1159976817
611494664
598245504
844094286
779108086
652580232
441730120
514621004
426623756
801475283
318028656
354449444
499825213
671556185
647526836
666113938
707368512
757586200
1067424829
779090168
637325966
775578580
1044236034
591999292
483592853
515439576
560081899
1035867220
1177789160
628973914
1342287384
744397453
1163516347
727988097
1070817496
728397489
1333408947
896014850
874873942
811259249
788567430
815373288
809134185
1071466940
900659960
982959804
644816519
617057107
677229815
602965259
551390124
548507633
444217697
504296879
533631665
571867797
581954617
500487646
506483126
521359643
442643197
549966485
351827311
442695709
475631674
496229340
538336183
545318382
491102534
561479042
495553471
555614017
621051428
631562661
677156256
589685430
592441344
662010420
611773790
665470735
642660439
566759611
417553552
418337271
389641284
413639687
475137137
447275051
565963926
586237041
517891737
510175678
585427293
529984324
497593867
498470946
503110835
457764765
555461799
674008906
596426209
540793168
446376452
599040073
485868807
439908692
478521560
429883590
438472624
464141070
524570089
541895264
566539902
591152345
432683449
504827618
554679252
539217105
431244722
630680741
572641844
577119203
562977338
532277449
584397606
602541907
565030908
607636491
417325606
570913340
573877003
576644135
626917027
654526212
617318523
529690616
535902900
510334789
507346128
342328788
543595948
527856753
560836160
567610327
501246681
545309922
589578244
574651868
515856771
466175287
377021193
421297082
483113133
492908083
473669847
464437941
443612584
441196295
369696924
394885669
498579127
503202703
531150099
573614436
579895522
581888712
572774329
544955757
592047110
377321585
482217347
463747815
574320409
628071019
644487291
642467097
658765021
675422568
697092687
533215163
432258678
467787091
441061423
475975194
546857326
566979075
593228355
604158429
675582245
647708461
619227890
871386675
642632891
515933591
494800324
550648176
438045959
456789984
417587430
390401894
402554340
536760875
497252399
478953614
536859079
435837650
542741747
506490515
431734336
422452144
481381374
485364229
492901893
468171857
524869719
529218197
557560402
514721405
664890522
693647362
799888248
499726472
530393397
582934149
584103395
697864268
624276590
564093605
364419807
440653883
435802879
415579745
465062900
541732341
496561152
523821434
526199917
504519628
504420998
489740860
429516747
538866405
433226974
495987195
520612285
505165063
527362501
527685351
499167688
539766254
539729277
563509144
540105325
528590682
558522048
506290692
522614740
538046749
558470996
520352729
463538026
476206071
468696421
563605341
538611911
542377240
569975098
622282930
538389487
573230953
474199788
423429293
556084332
463321976
491796726
498518071
554143014
536139443
561375482
500809225
559752370
454960450
558016987
434854783
492451020
457997462
585614519
536218169
523484651
519417789
521021552
531637423
547690306
428360458
327119422
421045234
480865687
436923579
493868023
528684330
637998300
519252978
511751512
495019389
430122634
538284793
394252823
512458600
503245575
569334922
586849394
608853179
587578581
531851784
550176359
601578462
485775500
466842393
567201917
547096525
559569190
620359004
560740657
580589770
657741868
527145779
479154130
598125556
584995760
520880901
563401357
607264680
617213597
569084378
590705653
558713979
585037790
638474900
403897928
523172794
475548215
540387276
545621630
497133958
491751384
499332685
471307001
528378576
453489511
553078647
463506670
557698091
435632393
542217627
555534949
550716558
496038949
458263326
425662112
431773482
422548447
534868256
567501582
704614976
752782004
665057348
737361297
736758993
715326542
505489210
761064371
1153377704
680551849
411284177
479253205
448597124
510999024
415888068
439019782
419608384
485563374
471824185
496712310
424907811
495531296
456157922
698762176
600065052
567851083
613078408
756702780
488528665
490729720
461568956
525477339
432104827
434903416
483705104
469440780
433515030
563514113
555885883
568543714
542335287
629697380
596887290
545205492
488358841
511908075
589429195
536706000
554718394
478394775
473099028
466141095
486894536
437493865
473069284
486288112
407614789
579255674
573453875
555874453
561018949
574134745
593277481
527795185
535030860
520849891
576477619
478191179
597773623
421047690
431067247
514798944
539097343
452831140
451230433
562136287
569581500
521881325
526126236
507563138
459345754
553030555
459690042
597241177
452563315
474415039
565028450
456875679
389139101
413360190
483945854
593225400
586466875
643126099
565583036
573147363
503148558
699815431
545971590
574073990
506959557
481449748
385660864
449299378
502568816
516054904
509900341
460994779
519213924
474848848
477506137
634307169
635525316
660352964
518488139
519127027
506187632
511429621
537717362
629042486
316495219
435246299
406257353
500746237
516184731
500403460
521025087
500907506
540780765
512684912
522667777
518584369
479656450
480381997
519052777
564486788
448007231
520160157
550208072
518421869
523015087
449555546
378648721
419502917
533588130
607573517
585039581
563243231
573091041
610162111
582610185
497998394
537270566
478622350
325069012
419882122
618580936
690359612
688404893
677031916
660270119
716429109
537038866
514222486
703840385
312239286
288040889
456830486
505171754
559234479
514941833
478192228
499801642
583278024
501723087
546589491
530251670
445469653
442970208
483452778
488258445
507617599
464982862
502648701
417127080
511441720
311500888
475440070
466896288
470217471
455574798
479378466
484243335
513795236
523190326
494967787
447131213
478449876
560357882
503127922
565716185
588309899
594484320
539504173
523598928
410156149
427628948
457943652
142598382
269858687
501091619
519834032
505314538
561379142
522457529
523587014
530905520
497015216
503317745
300825209
515034340
557989311
506744216
557098154
558070592
562671058
535032488
506637219
576529410
531236179
464518661
518171785
575592018
594528450
605763715
607850017
613784527
617645953
598147464
621230374
303740519
481679281
504410134
493487167
479992275
488785610
489002820
470299243
491006581
493868604
436873804
568956846
516608122
536343061
600856438
609739527
578845640
584869417
570570124
587156970
433726678
257291927
563663442
621166728
608674957
610825686
635125963
621069206
637961063
657628054
617468460
486528717
327594549
414849746
534327950
502059929
563842467
567578969
506421354
513599427
503143323
522512025
379999030
452627463
395219396
443445038
465407439
480073820
511001144
501026549
522725439
473986346
269277272
157096258
305966494
346737540
389734254
387402484
408948931
390450519
398674955
300499933
260186094
306873892
355016328
340226348
360794218
323916085
338220137
348721066
295705332
252608646
243955214
200674923
192978246
227516567
257152075
265450008
278459921
271070030
307028008
260257975
286365459
296892769
259623854
254238795
259667726
280269675
273781744
338180237
310142015
318185845
261480397
259127191
237172726
201969919
253090309
240596112
246164406
224218663
182963957
159414768
171127341
91337484
137061048
211503543
226001151
172419714
101328152
187246266
230961014
221708184
192879586
94690328
152507345
208194900
194807321
97365835
97447242
148881622
175985377
88873264
83493033
181210898
66739052
59722737
