1060057532
775402881
1165178129
1179184112
1512586869
1197607012
640790137
1027036280
2113935585
611407617
682881869
727738958
725272894
1051686733
1073581458
854629401
1120138394
515526842
748879600
668039536
855621656
702929988
764919475
1150982153
627004077
819696579
1039426242
739680161
955797108
3715281780
900718043
635161232
439376923
842297638
562646075
1082178931
1012162759
1114095499
897271044
868514564
879661577
818375722
834279500
691189682
864865801
883983230
474999235
946003958
709385530
783463971
733891166
936009347
727566323
915567126
883602545
808231195
759508058
1948987190
1022477170
531122839
881957492
659396387
1226341021
618124937
1192527728
1104304077
1608781451
668723631
559352520
803302754
785646454
996000417
1015318902
1221801399
579813581
492301734
691326313
1149841276
586688184
1236214790
696370904
787441350
1597863318
619285933
660718344
700729591
743209301
642203179
973639461
716155367
807626335
650547491
654975193
1052323182
2779031928
633408367
2767026807
791522336
796042350
653302821
760779051
724024006
795594466
735510232
632841344
2410009285
617988395
1036788247
747169372
686780561
839034739
711808497
874638887
1520811811
752948905
587842275
738830460
737987548
552847794
898715779
632173383
440609912
565937230
930169191
1427135192
587487330
659483171
894839761
671307530
2310376884
347304364
743251805
551718813
683900609
691311374
967303716
775700902
291643432
558959793
2368723183
761238991
537777633
595980214
1062857754
2097076763
638651994
657933658
393445560
684111290
680262724
871350099
909237071
390940937
655381157
349493631
1865120332
751876945
846339013
1173452178
558417182
790420355
743273324
779967392
915806280
671330673
795985348
1004276343
724937951
775605245
488121818
743227815
712436747
943322317
574306344
557887526
1023965386
675054544
4441960932
554132258
788325368
1054939007
796012560
708423657
869268627
537533720
801599915
783800650
758283391
820789240
664880402
510401288
669518041
741762404
1156714236
906988979
2914975018
898972368
678637133
704695185
791230824
531269873
730747146
854783195
862794272
771669084
654904454
832112769
927476737
977538697
745933074
1112114424
867294218
985805716
907201146
619340765
1580155189
662711332
929910102
1084440911
764514308
809012391
671735497
688601396
574803928
1198025908
768615004
640018381
984949545
679441581
703888845
697233477
733782732
820855771
1140321351
451810733
490590048
646293623
824948705
2134064199
852910649
412171141
460774142
732654149
1355998281
827613098
719426866
1181529126
2148830988
751043458
562872404
482276292
1087722990
792488997
733453994
455346995
667795890
743013082
400472737
849644375
1114138137
691647859
1150364374
807778276
861966123
692390263
872079648
747749456
619455631
740440925
819598641
753600593
767172478
646313288
706930184
727659411
746873953
634258139
672478794
967945739
923012443
792009617
783814400
622838298
783981675
783416897
804007768
547679771
662611946
659946944
762520629
691869355
714984517
1148016496
1067951997
806889486
646488590
1074124198
734554965
744308575
673486065
770023552
718856767
5400157296
770113989
651966734
623221003
725121083
538690026
828556498
868284896
462462433
520932139
617812815
668696179
677843560
558080983
459814019
843373912
889079488
928671947
620105702
937623345
812575960
590003704
548742445
463227656
743941945
427337517
456748471
445982393
496623257
498001112
524287849
601838938
551062299
549705070
494236620
466137592
463265607
498105763
502331514
473359354
431420675
795346591
761795800
632406811
949536720
714289372
794252034
875945456
956139564
1003822556
971624574
1000019722
787846992
839273512
553082623
1925136125
965073094
630115130
643140233
219830327
265182676
420721164
678347702
675724419
590073073
751431633
439504311
447923201
457682357
266683156
276780958
857886956
383526305
393037845
484114379
496591426
543038153
711339380
577866781
775697340
542769484
550504394
810335085
622254997
858520089
988590599
507440790
568626754
1828004669
448797459
805190358
476368923
509237006
505065764
512864996
407896776
342773403
411806980
636802170
235768233
379288907
396941783
230550947
364537949
553939993
569249188
591580721
591353748
599518303
607859165
461534899
481305514
490362424
462637940
412741440
396086908
394512610
378726917
561104575
571401403
504940897
514287291
524816641
506341322
689663383
771218720
811522121
528117651
759655221
574365721
550846649
565563492
575619490
567070775
296864795
336677729
556488539
563282888
585016936
630995312
634942079
614053807
763360644
583259742
591555630
593928644
623333161
729173318
789551862
689297759
627362391
724874824
643861274
691998161
479552972
568231945
582998495
1519188593
663731980
803974165
985173291
716880266
645679141
798973333
720154214
762964867
580807758
689116668
514526793
635418200
892435564
478599629
645861063
659187527
852276970
763629926
770684446
1621153477
762957093
1664416552
591165697
703470660
675222734
615460824
744071076
632344878
2769780486
511527446
618195508
545508833
541834520
384094687
350962140
375446145
249234367
254627206
474244273
511055403
501645849
583520083
572645719
545423977
588194731
617175633
609922753
596637785
568610205
560007364
591939022
583630787
589584295
608692544
648743909
722789703
682950200
681852472
646372254
611289708
688902286
548142050
551460604
649854793
750363558
502211098
494428379
482604927
239427802
230281157
237053199
374469657
425296339
558597372
576977364
586249852
536348256
549526771
595256611
480239300
599751746
503424665
466989451
295885924
672405255
633516331
740437068
693354050
475616261
957541541
1143272646
964849600
960401104
562907504
961962425
533158407
603041911
558007936
547399092
457221294
298104713
277224463
296577018
304829977
283166224
395789476
452878122
458125647
381964446
542471974
557144323
557515365
540792917
545229916
521564855
312080149
505075250
517330575
516051135
441476718
567976622
614614571
611668927
660908189
603168635
689521594
422488028
457793240
447489930
495849428
438392144
461242323
497599181
514667221
526499683
468313885
520489290
494674087
470239715
382578316
379231838
311025146
368160328
445584726
430285001
533972479
488680455
515078071
536995983
492607762
563923722
485984212
521514040
524083727
642100338
635585235
622136955
633987528
613686633
505987131
495870476
539001532
437726876
590275646
575627559
586303922
619749257
626815561
633772767
623070636
664136094
645443733
617864196
676435519
677578031
581559151
571699825
1091263886
692134352
717425813
713001593
985567536
510059921
485439904
503750587
542881113
470308218
457466373
431914302
512180963
489467633
516597275
466598962
482746722
480679298
474513937
476073020
454997655
494847903
556332127
542375250
492950535
496298926
473668271
556062444
523744754
487927369
480599313
435097430
427641265
480194372
558327964
470112663
475961684
489519746
474377241
552080355
468681606
510212656
454293962
404171073
441510247
507678824
493689019
433829665
542050673
467433857
635217294
481820370
478329014
613660242
439628171
786927706
359882744
936244556
947759351
1017412383
747314743
694377621
827702204
317627023
506515227
540579913
486986324
513767158
544593420
511802998
537443462
518091391
509328727
515415612
327508969
429429754
364102815
498299930
525202913
537594239
517408278
594679829
585423885
626690240
564605066
560920674
550054190
603843890
611431625
524407776
667604051
707566814
811554100
640756662
691296873
427726156
1037833987
409531911
398678046
453551819
381853232
357067641
389755912
365964218
364479080
425039156
500189495
498209354
494664638
547881522
499388450
481520930
471804887
510482645
535040701
425335730
512860267
566480239
475879234
508133897
576354729
547056405
577904502
582324920
604335312
621751872
629461842
571076892
862738726
595495445
692687913
655430714
610628115
688649793
689816718
692232246
677886801
611623205
1040196659
528229605
434367659
524629844
537469356
345544055
455666041
453401170
446679681
499490556
526231403
518371006
492108765
545574135
499328783
546798933
512857542
535510156
530386068
494663230
483554517
470261313
504115141
540111877
465426583
456549403
555257086
518736558
564137733
505901571
516431025
550858838
568865043
455017860
511457448
419806086
421840934
460085154
485768728
510751866
444034947
466694347
502622898
562473527
527171400
574995186
532919102
613316710
576088474
617259076
681355313
532957656
541841178
524681739
450432144
464095421
411099879
300521032
354732717
471470516
456218651
519268493
458856375
540116733
518659983
502758719
374988703
468220920
458262646
461056957
492226441
510037320
469610246
508633075
441336855
439986939
458997521
441203879
345425946
361678847
411756156
447335810
471443323
445492735
499880696
459077270
528557019
479596862
491606393
341755210
424996735
454959884
526559458
439539735
493153411
451142068
514041409
439544958
464358871
449862800
499005845
361275671
484035336
537449651
578197453
562389580
544429578
584887703
629345447
385448993
417790592
554012034
354863671
470687715
530267280
551171062
557234515
527120112
533278880
567112488
578721557
498845094
685168983
458195212
530337349
497746305
554882177
569236777
525034272
533028799
457705955
455217971
437746019
433781176
483593381
491085742
539213453
512637012
501880230
459272230
560241062
415233395
466868438
537083241
581324606
587187593
565661869
538668783
507864415
630867595
677984488
699348892
868505966
372961037
1067797416
415554241
497700846
492663844
455657832
412808726
417967521
351059757
429899003
425011358
447682451
458686664
472168610
554507980
472484389
454085336
503741677
603839767
519919673
482123181
398417779
514879292
493724505
421202271
456883238
530674590
494396253
473283104
470815790
438926624
527612489
424220440
462718226
452074081
452988548
430440728
423386955
432118668
580508506
435933998
509560683
387650160
455210126
381876079
462014753
510231764
457820942
418098281
437247394
429211114
466773790
466441266
380030302
418796721
443527235
380325830
388462486
483491213
496638340
528386021
487371917
518152797
448392822
528675049
532836691
501448805
533327025
545233509
584015913
511150221
514926406
474670138
538257145
349839623
548082410
573337224
577202499
519103216
548448787
530811178
580607415
585089799
545919061
475909124
470213761
470514536
627644522
399969052
454704811
444071838
435680137
473467957
492052043
518281985
443415437
450700921
517139334
502982938
528839295
547045387
597499589
590626066
583488050
568874999
466669212
516852541
434362775
345469168
434320032
460940322
495141097
468102110
461307652
398941334
479891548
524063528
446942221
498030768
411523177
525688967
469951483
401080972
488856556
481653913
470847559
466201668
391399922
442101694
472585282
478679007
483217516
412737595
524563508
473991724
485053093
415484334
424029693
370821498
377325173
564549309
544584546
544373691
548348607
573463068
606313354
532066135
516719234
628059729
713167959
485318998
514595297
494216697
567262845
492603660
435861572
474170776
427304718
467375915
409052826
450935141
438435646
478325072
546534755
556576101
604530182
519615880
507739849
508618170
354600960
420488659
476436075
543235973
467391546
539703553
437977828
501155287
567874653
691475746
463854627
499759565
500554408
398544391
434078636
465618504
454740780
439246405
446651170
381111122
441858329
392308576
479049282
468854685
439817848
505531547
509542749
462645216
401046210
351684773
347048503
277408408
402657714
417490808
470936873
465872787
482761495
429364681
446427142
465130184
448698184
671262742
342884753
342121262
460629913
524142814
482386392
505948679
504558676
487108204
492902784
434887335
460790264
421342541
576332471
586990618
641238391
476797985
619024681
610803264
624974089
634246309
423545713
411805824
316973124
391450117
459838526
529662908
533421359
506852377
486933057
489595675
522972859
485712759
405015705
390851651
476762115
451206103
502210891
447031462
471806741
483210432
415883837
495562630
370729113
343145183
499456701
492928763
508624971
513855641
528599076
511789645
514524622
541320044
490310443
451997807
435888409
452785077
518453337
511387358
582885667
550410975
606064533
558231452
596125527
503958201
844772125
580171448
554409255
538789078
533118297
509808138
527174114
496188991
556559383
391713052
456985159
426485645
469236023
443084075
473807424
459018763
451930508
445113582
392193115
454361559
477758880
507848937
483735329
480973623
523322131
539982051
494134676
498998446
531538246
497119901
348448404
423874886
415985116
456029543
485456288
524408121
572837284
515125511
465080573
478499851
403193109
450604820
407057521
413189923
363814270
425097089
411407505
422087393
578227113
607882837
548695203
656608173
599191229
634470182
579602154
618830500
714064903
516007154
641010764
622643959
616362668
592320621
579328234
584341053
1138248557
582584507
513936248
412171540
451598107
467656522
426149261
444684871
451945662
434191157
374710841
387588725
435643565
639478838
506541855
558076105
573338231
574848447
594006185
610372321
593715659
612936716
329980420
396870813
530341868
496472462
485696148
473700177
508020828
519125697
521329084
493161637
591178786
386385177
367993969
419798415
392591268
415464078
430169476
425371584
410912768
420067999
426759936
482108360
480989998
493714767
522664271
474620812
534698928
541734192
555084073
526731017
476089739
441267839
428261520
388774664
379508381
497570181
500811246
513710555
515431084
553611250
490479250
449299235
370987868
383739125
504714051
457686570
466650951
530088164
475856161
481173885
487837320
530895951
445102254
609308369
532350228
739637567
765464973
551779361
811230083
617019892
1100982371
588851723
1204032149
1098159210
447578070
722860308
787852778
577437369
978750019
685332186
1226713603
753901752
789945497
719679916
481270335
389729984
459288196
2229921503
542490796
541803370
568868558
570832695
568405104
562123466
589814676
543655888
505170113
232843767
376923447
390745154
440729951
444422284
443529818
468470974
444771297
489651641
465965629
487458787
441195707
453271083
462368063
455657699
477389988
423395103
461618026
474154711
470724390
455883213
484238961
477986159
522651394
540736424
560324034
553340024
541675119
608388623
636829598
470246822
355797429
412022152
414494352
368134123
375818525
420942771
425786237
362635896
422917682
432242928
399919069
418360039
491636634
457163388
395432518
490642191
459885997
494620899
463788948
425623432
460903055
477049456
485996158
442441362
491593145
493542398
503476980
551817272
511901212
559223339
688925483
578717096
573288607
567890450
497348623
503940681
453057841
537633284
523029456
477338569
382376281
321041834
455985373
434419280
513469920
492895137
620091126
542088276
535096478
632428396
445731156
527796935
497708166
422140706
427117244
434530536
500292712
468774086
514830978
578454449
584633764
568991098
552950700
603697376
516801822
446205515
452032789
445359087
489488497
426315143
487536428
542471906
506836256
530429670
628661430
460140030
483865677
548435324
542545855
437995382
362202211
396756829
558832105
452587903
522635520
489161263
444852966
487463182
535977903
414474285
384407834
406258444
458270741
522359239
528643143
503310581
524389846
512201504
598674887
529669114
552947253
452732798
407806918
494004724
527647029
499786561
552001263
514407027
451258371
476789581
439489723
503298449
506686358
470268702
449784894
438597906
422186448
451869506
399256081
422842465
374903176
337700376
488708161
504458538
549809585
512891596
537161100
578738152
536275864
522180625
585424286
539031217
416619809
421812698
444532156
458183833
495353792
510433678
509113785
525736217
467756998
464827511
403400310
464631709
395084085
404826664
432481022
435857484
461446888
478520313
515065713
496232095
773026593
836676527
780034255
764461067
571571538
717572298
645792555
661697350
599585977
620062548
108889613
494176481
538024680
554048868
574431014
584943612
645279830
630010765
655663869
591379499
530741779
363505144
331123961
442699807
457928597
510503888
453013616
514184265
495567935
526880721
452434066
454205575
474484645
414481002
449728929
466233852
438148916
506045025
442301482
502901171
447310889
478392533
491993010
489914880
519935601
472513508
529397738
534605405
553246863
444975905
539519987
394023249
398055904
457702434
398611260
433054783
444464593
526888470
562540785
527711090
490947200
473151136
462631785
428280716
438595232
427879640
450441053
484117182
463726230
469364034
508579854
491721825
550129483
392015551
381502722
452219656
439374929
434607663
468262690
530874605
522266048
585384015
574010101
499088552
581020130
554515227
494353910
434391349
459505615
393145285
462777735
474365962
464635869
450621493
462783982
506342260
513305661
577342392
509825969
538740266
587375161
552015261
501570686
494971895
536572861
483825877
543321066
492754819
574668664
708501421
581849143
526266244
585225387
594540204
571434768
598753329
588157943
396978424
379056590
460484545
469621451
450002632
458603743
530977723
457922933
440486025
473231720
488344491
483658952
436394762
445200090
448331504
464053078
506281478
488610639
434677415
489872945
509620571
465608831
415479168
447867994
442967133
473425340
442795366
485249232
428434771
462007125
544758234
522694851
567953746
547914027
541581801
503111675
530778613
503145405
502656057
476350417
535215787
542217162
539198532
523135297
502465144
607792722
551061547
508799381
561513362
682829131
588799540
870559615
867453117
548206107
642587008
623740822
1049351488
1079725365
1170868538
886606734
812107049
654859526
782404436
782340550
1164106716
1240370560
884454490
843662150
789163597
456336371
894090311
506347140
447440535
450893603
243889867
557340505
568401544
551236519
527879985
532081394
479139356
487422453
491928734
437968721
363144550
421994016
459282149
461782426
497224966
529044725
525855984
527911933
541808985
515756362
582631747
381008060
452807749
412459482
430344503
509594240
506859038
540116651
475524935
561246030
572690945
476687858
420962476
445044412
492215342
450391606
539127244
478738348
475520391
472683186
502521437
427559625
457559557
422139266
497977144
468849044
469229031
509557066
518316055
555907480
504781281
477211045
398805691
445885109
382875948
584763554
565783341
519652197
557366391
519132249
482657720
597215565
581850599
480008287
572245600
420258577
442822824
450317189
441750439
534055943
481987630
466984745
407363571
434434961
464527238
483282004
448862563
458791352
429903633
440328296
495752540
475297582
501294918
431322919
542912746
462645810
472121790
439943323
480478570
544842043
526050219
509044262
466801783
500825434
421549361
403612520
399352256
368482349
387802056
441736316
507245187
479085943
462667273
483093536
489731963
420482917
433449287
456220405
518907674
524495488
546264003
512067917
554196509
513314479
504215619
532119486
847771103
570521921
393352099
419149319
411256914
437491994
444321946
420070586
502401988
504112122
410304630
462141829
482153529
433949375
475308914
489637267
510205410
447559368
462748340
385136714
468936373
444257008
431265728
451932701
468973445
533832703
513026410
473571489
404687475
481976292
499175772
410271587
410308354
437062770
501567745
516636094
471988697
420667758
447551986
463848299
477689042
373009546
445499087
388051095
476662440
477407626
492481449
489606162
494451265
512402800
495663962
507218225
472617721
507650459
551828390
505587701
542796879
539118760
767175712
605595563
732066045
448922291
592745652
664347874
394736603
378860228
400929765
391952660
376197029
424969392
464442062
472862320
526676297
594242659
595950941
611967865
609466780
728071718
913328298
477122363
479032822
596860207
441816749
457113293
487232950
420647402
390694340
282516622
346037215
460860442
467417291
453425260
500603607
540807312
525732517
522007515
468186142
461368815
389804582
465641115
534330825
495158949
527304605
495668462
532860554
532951499
581787466
456628144
494005271
384022548
448034058
415489888
431973622
439345768
446651257
431252109
342261951
346111222
372306654
395130379
426310945
473626638
513115656
506289349
517589112
528626122
425945380
496451581
490686582
408780193
554014043
497686237
526158206
475053959
543866596
553693138
525734542
433709651
506682401
242645386
469549929
484005702
442397221
476529660
454468900
474592351
463485467
453133025
418625500
495456380
240037547
501308348
501523975
506556784
509196065
495457521
506024022
470155362
447263211
476727988
213035749
240990181
409941134
505808778
546426562
533206024
568070519
523624950
567170475
552308187
541775787
455622470
373342764
508892091
496630282
528254406
503773798
535625169
514953324
522362463
487332453
414438874
337796555
536571660
464511196
509536809
556824187
566495490
586270289
606208299
598658501
332860996
366616257
433139416
510603724
490272444
527870027
513973074
533501546
493667897
501808169
513802789
421305763
286174972
322126032
411903903
452791902
470420820
477461715
406971843
441042237
434888020
417590322
363537374
350885360
502781371
503063418
468337639
481695698
557802291
556498554
499041720
531942582
469395494
405574153
309748833
319211155
410667388
521877965
491210161
541439835
577379755
548134968
580620116
628979957
410115518
437582563
330343907
381698594
449673931
527637588
568115406
536370044
651602102
568171168
517422030
534834288
548524564
414438881
402114296
351009682
395511624
374930146
348811909
383587081
369769747
373682678
418177531
376676552
383975867
500813911
441033561
436361583
418588454
532458749
537891783
495550802
453301044
470339532
406237469
463075597
432393532
456147701
447222126
436195356
463057883
477735420
456578677
508117809
476690147
420497803
501330259
414092223
497923415
521915787
484003964
505664270
512751976
483062878
519568266
439958057
526186921
506204278
499104509
390372225
425338699
409552792
419927565
426249853
466288969
513366812
485272749
534881360
468220754
516693458
488282349
502196269
493643447
480354989
491196307
443871923
486592329
508576407
482368023
437306090
461274902
429989936
410940038
400812768
337312178
477338863
514182865
449560323
530259795
479399648
527610076
514422458
454903689
457477079
471458059
358827322
415564963
345765081
459952552
482971711
509785586
457222938
485811529
499340833
518659646
489559772
444660051
412377624
474089568
450834977
404799999
424133715
448104411
418755148
362461792
358503433
379492851
526665664
379175120
430100426
395632227
398436476
445034821
486939972
438588249
444454014
470997932
436782821
412899757
433015309
432796775
433488638
455333806
530675092
446954585
489327362
543368961
561150318
535610913
448677612
536842856
531798762
510459714
549430840
518578352
535660067
586948866
558896969
493922975
477842805
467141688
489773026
552270492
459785125
470985045
508791406
496421041
445098210
413915656
432036210
436122227
592361083
384877838
603549939
403925412
811270231
833753550
661281533
611920052
851015925
831824887
904971955
963629356
663426253
495384585
501337584
711875243
561610726
753703458
682462784
683619394
586972024
576757006
717623953
735612438
848928211
541826772
421976846
585833105
531267393
539103190
621033644
410509723
671393372
489828160
542643099
394467732
862794888
590449981
624077081
652080216
697642856
871554853
872402389
661153205
712826107
855785295
658399533
725926984
598342129
572077800
2975172043
565921795
570014511
569243866
710293011
860771099
663917701
745333073
800606726
810719034
925663982
571635972
606811083
919622753
889528613
1236405872
770054743
736215410
864076306
504728744
637124468
631567493
616668920
658968257
561893638
441924579
458026899
460411285
507715891
478649705
512407770
522195178
551884232
541961046
505444882
516859073
480315212
428627063
755724697
876539363
840066271
921696850
811767301
844338007
1123798772
907393550
779915171
555504845
884715682
727572109
764060332
827073158
843837113
872295154
883109193
707058180
635266064
743922004
843918407
779412597
739925120
779658655
783724043
971550161
620495789
535076793
827391018
635369771
643800755
1099753825
701023002
783809221
703844953
759305834
747995551
679999187
695778897
755596410
831933361
666335355
617113085
630329956
692135255
700116470
851324836
563670457
681795662
767708559
591632283
2790639207
871856384
609283457
1214026332
717291354
807888419
835596918
698570833
439709993
787317443
760290219
958643000
1012304969
607859315
901840669
847405052
595549255
597393527
493849956
511246866
558097528
406585537
374993787
376452371
412383586
427030085
446776838
542912141
482726661
430784759
553525468
480887450
438503681
370217374
413224873
449515761
364681043
436385329
389100981
370777008
502990510
449744894
443818174
522451505
475109371
467481024
481835746
463399235
427854716
442729086
451575037
479179707
505489503
485030320
497194552
494904228
516709267
342001418
388010965
449434908
380208138
426469134
414198326
462593549
391619285
450761435
401816687
394725366
415307243
457965554
367116501
388212453
429836539
423303586
438182624
374131353
444201973
389328522
396664364
397806468
463195875
512843707
514800725
454865408
461800441
511616646
455572761
458244761
474183575
365543133
409617571
428371000
468657882
456078567
442932552
474719140
489501541
485627811
464808861
452173381
632710216
627146141
626797058
586855750
548209424
537307362
604285820
551403233
619367949
520989465
159324410
494363293
491896928
483625143
498763675
483754405
506652868
532859645
598085809
586131195
436095561
452670798
514970524
548190221
511434752
497570057
512774196
497836283
505705105
477242371
487602094
317786099
340343187
539085875
541128992
540456482
562281990
574543408
611156200
565346282
573403494
403432683
383701462
386810605
463256276
505705293
545845916
538832500
520149775
483395757
569913966
494198415
669162690
358651992
343986176
354552460
465200070
493284221
435111873
459203215
417177012
419693412
302381544
500451327
400826954
417880865
523418195
499009890
520380304
524644054
517254944
492499661
544877452
377923612
370502811
403302877
338131576
448417762
492809268
511290397
490204307
500521505
491595535
492240943
461033258
511885933
377794522
354690778
403524898
473204949
540417197
403187284
535014287
498019890
557081061
420565526
331145516
256203352
260356491
400084237
416528126
409055160
422032540
413532292
383490165
401839686
326228445
310295001
351905654
350478028
379874725
352660097
405217849
375173839
421185923
269737718
94803329
355300762
374774395
390790545
393183901
417990796
381237616
336838402
337272748
293105179
305795479
295736805
288604378
284177713
287710572
223555719
243235751
262409352
251702711
208478372
134141389
142589165
142407236
94308829
96461113
57600567
64618852
56567015
53528825
55011058
103763110
59066521
55449926
