2685282855
2771849527
2601456208
3136602746
3099441816
2998955177
3137886591
2478887051
2910668042
3147698894
669139180
722860920
724238186
920298946
1055863160
1079697700
1100308989
1211558636
1244958119
1521768084
815891037
801444391
793217202
964838211
844962031
1148743702
1060517425
1396584045
650377964
958924650
554197791
777120339
286928688
493873639
729049021
750850570
838659241
810398193
819176030
898690847
840785236
921873859
918975248
675073141
714805094
950838660
818949454
975910506
984957649
973326344
911516866
1016068416
443101007
708695224
613230822
924305499
1645195781
688073474
836213934
832535563
472778848
458900466
675098330
1248922807
1086905924
1456900735
718231492
1652917620
656019202
674500239
990408628
759881279
1101746012
522137154
407704540
1090695534
542433416
1042465928
1234326282
586068708
461517302
759870785
517746467
1815006008
560325674
1040580765
851643155
803882123
663602642
440157621
504022082
1099202568
774909783
637786416
926340796
559199847
590092890
3165077813
2942674612
735691625
593495295
718119567
964773630
968611483
909716816
2400650664
285696554
770963670
1184998935
768357170
830864355
1208475751
1219954744
1026909751
838353630
698267724
766693961
752081434
885300960
737063922
687088845
552633966
428550892
1514068682
1067029467
670405319
840285935
722129615
758323500
2294704037
839246272
593753293
392822493
969630103
968923366
684503010
705208986
2170450733
1492726211
319633867
270018652
1049742700
501197085
1013135175
1148703684
851934937
895051148
899266403
780596869
1352949614
629347826
595070531
648038422
552129242
675097478
735391631
782440624
668155539
902821074
805173758
836894111
664859410
2712227800
685035111
458193060
427796566
450490329
412769118
429711382
522900215
463668218
497014643
514179781
493228210
454970987
498166750
591775167
985829551
782269725
769007010
1105116151
1085002649
830413277
579042045
556303037
584077519
1038822726
750310306
826777492
716374816
1067005799
696273442
631171597
807223708
680971251
452229413
692885771
475289331
521598819
1103192118
660242134
740685693
809461320
770088466
718724600
640994941
603836932
659370292
2206047262
603369484
4099700034
784215362
475746780
932235509
1272409623
950224970
642133047
592801816
708365258
984178363
612279052
639120979
534248803
755339674
1084957405
856932241
500262250
940551889
687060859
810328377
927387418
993577644
930786359
344281567
691447634
822624891
714460944
882823141
747129325
587597778
2279177270
407447310
1518058505
604841877
887661394
2094395082
505307891
641510972
725564396
735568045
526574977
1331395411
890614705
720098326
804749343
657894617
737023601
788444665
835631752
861310177
904658518
989480044
596421904
868119639
987351899
550857597
565170839
637219714
991900881
600543868
782136199
876456180
592281406
596551051
666398540
700279748
655762534
953511681
875782456
1133953735
847673362
689960689
770183771
912945869
914936021
731313305
657738803
798442358
454214064
454698619
598047849
4161055083
766134438
565574462
753896697
777169553
667144576
825444337
696641408
550580690
920447389
442050963
451445765
627970818
575385263
613338671
675487885
676992734
649520037
630973998
869177609
875123490
496556035
777456956
532610024
475889176
499493541
520500242
535901043
506115339
501085772
632963853
611347840
703025190
632530448
650806524
552431657
661047922
641683038
654250789
393274896
456921442
448342088
513731236
490195175
517731203
514979955
546504310
582015244
512616338
556901678
510910084
656233875
613430778
668580317
610684716
681999108
689895513
628275076
700025170
371481017
832298567
730497890
584499297
612626083
643881628
612051413
668518724
754736025
611872490
575650202
581801413
546865454
575783055
549442484
558702402
680900497
630673785
631387156
596057093
782226253
476020542
633829299
1559913206
630326971
729289399
466718886
490402541
567478749
683272724
574227924
504408793
440209821
652282949
684000177
733941636
576911323
766893168
687445206
536587039
594447849
531243499
768893360
525318732
467400837
565062785
687664465
612357174
526929852
462026512
571763064
667530164
447196169
525597341
515811919
510043696
482958265
480877954
598777053
621444952
588772066
649121001
651654409
534237190
470036573
459844661
460315692
531834515
497777987
504191762
534971537
480830901
475217940
464385702
776955772
840386735
860580974
876352603
605944485
787560638
861674212
984252780
934401998
1080417986
831537691
747217686
869344619
1082116634
677361663
1058626919
521515439
766226812
1323928092
816001768
500643905
589934975
437136653
543646446
555742891
569321922
628137693
674567587
665954395
622818892
708499599
655994083
526001316
567213493
626709320
523075582
1488147554
543549350
530535981
555232180
577026436
566759552
504719240
553967954
473497302
562181989
481419885
590187599
1100672204
562437558
702067026
789632363
823357295
488955579
825566040
487945844
967784020
518971278
477341119
407456274
524904313
478602419
499308768
500598975
549619457
565274178
575645151
516917380
590772256
542786176
469043321
433415204
426168850
415198693
431404708
558153829
578775235
568954845
485463848
546644204
580235402
619378325
624420739
674214753
409472171
724551796
769604167
799720981
810675173
880383784
541533281
572517106
523019390
957339031
558398640
376887965
387245044
458744506
570069706
610921982
719562816
659365412
625489331
605200606
804622233
528823684
518458057
686943293
499402412
559848488
508270768
526068855
596501142
580733896
539391040
565501030
562569475
479479520
572422382
520645009
541188918
625948595
636379376
476831891
515875832
539430306
593260201
569947486
727856716
316032882
734745542
872854338
595103053
972044054
922798733
669249578
1301433615
817490055
434013624
618103400
731687292
802870910
554151003
1046857827
2336730474
683521675
2116731276
715564564
746268879
852611328
867851862
783570019
1133971397
809005613
636106222
971505502
718799998
906523753
677402781
1067752697
841917575
1412921372
654968604
681250172
683802138
586741989
605949820
629044008
515447894
540516400
518558375
470100452
726897942
688188606
660331511
603080305
658411005
781948847
462541777
476229866
420392515
379488522
348669888
591122895
595083496
573421377
634483439
641229886
629084064
695198264
630176386
591006160
456379622
397414707
407260773
492742557
522401871
558518798
581771839
609676618
568327239
608707406
487622752
504440290
463165903
419192321
676290804
729443533
688657879
712333472
669914348
705907090
734191457
758133676
604812538
598559989
354632188
754865393
628814871
952649449
1068266849
1136136671
579028701
889541798
887654914
968441651
480613130
565484263
554464889
704684503
2342359441
193479265
455810342
2849912286
383403101
449852270
455260188
464473717
501623380
529656314
318117486
349651955
368051778
676756606
713453496
719932946
662665238
683993089
639274481
658192003
581680451
547289392
551996354
396858338
508982307
533141674
529898995
528192563
544630705
538962813
563791280
574153586
513693586
307184093
428949064
545467697
573675729
602450345
514862423
629487186
648625633
656367972
618835140
476740989
254858726
373029496
559858421
602682977
624669501
568856085
616955419
617981374
676107143
622874241
553565500
260820825
522981852
389854200
502348878
532004632
604503397
611591926
588996492
627678549
658711569
693305698
535697673
520216866
450371032
705773202
790386249
902842748
734920019
481122464
452172192
779232951
270138922
1580377300
326831188
354948887
342348658
434511272
427116973
507503665
468100014
537405019
522524151
425672646
448796719
474742463
376328402
469082228
455175760
430766848
453938029
476381152
480576878
477188427
507910112
495029351
517265076
363931430
567447685
557466868
567182686
574349383
745092157
704868488
774115666
785163777
795105905
737858141
452835325
441997748
420348548
452062126
565341642
581776626
552903779
574123983
552601106
594555030
548914664
517715114
535449858
658850435
492009289
505896327
524610158
507021754
503182617
500981472
545425488
533228459
514638366
444155015
514688519
529781391
475124464
542864504
518061149
523158493
515038301
547553212
487848913
435370543
467944698
496598478
549454535
536457740
516796172
541271401
563735551
541212130
570848337
485429862
386466830
426820880
467630616
542161689
529511201
548469775
552683612
557716157
572386314
452785991
444528791
491984986
502566602
504568991
538691995
541628494
549606036
622673936
509203402
593563588
434639171
310071205
366149969
505516963
527306409
557495050
495122629
490570313
501063858
486053339
465223821
462624401
407682954
432903385
474151255
412232478
463198275
528946451
512536049
538909424
516451598
470051852
534898962
395308310
442352237
431580243
475409907
514448327
481302450
506066204
497590281
462266665
519538359
468295492
453544404
450362069
434600192
466948101
447934825
450372594
440614718
442410000
427588943
459523151
505336912
471205346
494527907
457205145
536801403
473206416
503820328
538530642
549557610
464151565
486258889
382087640
461087691
460029650
474158454
380922785
489979811
467374582
511614260
546515580
559091453
586304350
531086569
351294344
747791047
784270708
859523894
861095825
808330110
586445789
593929984
531597823
542386657
563830275
399872976
506001445
539272067
545752667
519277312
572330715
545372679
517092285
532881030
536798137
553770748
555685133
571532957
819324213
819379285
876649951
839006763
839879358
463280237
780419331
588323106
569333907
884411503
891518786
891381668
892074905
899508963
488576712
560224734
2029486820
2101675699
335210810
401374811
461582449
378155681
405846787
448481868
445758387
482428985
412359885
393683865
413079926
427700767
410628283
448160111
451508318
425043831
443091581
372919613
275876453
378411226
483862567
492106768
507596191
507976752
521260809
485016421
464033748
470471271
480206854
479247204
412213639
430433977
491306304
491271605
501488062
509991394
480018054
465080816
507779997
469855381
107118772
271648988
386066417
396373061
401029308
427210478
456053754
451995859
464886244
488922367
517113182
423890424
514688068
555263443
561348991
511789850
540305225
483533144
482571630
523117458
502612657
474528679
613944465
604109145
628455029
617538507
629765932
591735058
628970036
618065057
620195455
507461106
126035205
141587604
330459196
415587235
536204345
558978948
559802464
560096730
510071046
509665237
510518117
587152541
256997723
243344892
422148611
460046888
469700494
489296837
501501357
512969995
536446436
465295372
469673883
508925939
373360517
322235651
356590257
352841387
578925966
658489259
671470643
684314137
881718267
1039319015
466310481
918246991
910285635
582908122
777361683
912839991
447497431
397618706
441514007
334026766
275458231
448742396
459019793
443142975
488150052
468733261
529836602
551134653
401427655
458374332
408845739
431691822
470439049
486535726
506762752
692412126
603176217
591548419
532712656
586206205
880003246
504139991
517058370
512024490
461547516
457696508
417919389
472198757
419109379
408348678
419289114
494778100
476215506
541414802
443319629
417124579
552771518
520165044
529958382
570255011
468672794
399993790
489517736
456830515
441679726
430208156
412878355
502245590
548029599
516238262
505209406
474458328
582854275
534458377
455377917
513221346
435651504
447704893
463833769
480826879
495731495
466403538
517827333
587526538
510117779
535642534
547824207
450235427
492586827
520813561
462052076
468254854
413445086
367829094
502744118
498774618
526204823
478864865
468416640
525196149
438446360
493634972
402747074
441898202
369532278
387213330
411008456
527804494
502910151
511012291
496664086
520707643
550515989
548949117
505407838
454454554
625575375
608543650
659274252
610332716
629455794
635919640
559346775
634103604
520148605
578896457
468296547
475009133
522188188
485744024
541390167
538561103
561976962
544270385
490759080
470610946
583632394
586498985
561618762
560186901
613779567
541981491
516716767
394262650
474786427
480114441
330325486
413838986
524032810
508576030
516469957
542939585
553055427
578585546
610557513
607413076
550586979
599538733
519916432
527315180
528334140
566727397
535702090
501744248
484308341
421935137
535777663
344893896
338366980
375644708
435723087
506110801
446761359
493014617
415490187
608303602
627568810
364344630
379666279
339100273
322334271
176567673
103185504
112109496
193780590
180537102
222972511
240322988
416945224
409813245
432186634
434596814
436376960
386488494
412846989
417999795
445025172
249268184
408007198
502792841
521390050
531933443
531479768
535634497
545850706
541045828
563766850
268685414
142086652
152268775
154615135
202943798
211459296
186953696
287146710
330448556
349093988
354768298
355340247
356570622
361945605
330388806
392094171
416226805
443729297
476544349
474132587
562423207
577526233
582391365
533377156
539121551
547524513
561961158
580035678
429656012
424240791
281455197
277976231
142778409
166211797
169023758
1445849756
343925712
363537666
370092487
375064244
514356852
416068199
469523586
526784663
527343697
281343322
392227186
367622272
397255315
386733019
438412249
459172940
520136483
534427619
487177772
494594601
464218737
487665960
498432678
492907943
279981008
320728846
437600202
449629650
438728583
485422534
498860984
472589539
480591935
485243009
466199107
432071610
368605466
358075850
513592536
509441691
538492807
500653072
498353330
566804457
510427860
427581748
444770341
525483450
397230094
384089078
388444719
420462591
417098874
423413803
422994197
390589911
414307621
514458539
517745184
465758603
479024522
499809915
459132717
444932264
481066707
517499775
534419227
435514771
584238318
591951957
587382443
660564970
516432954
669791763
532550346
546970265
599528571
1197958848
546615743
522781322
556661864
505418172
546066948
527118945
375858394
370723231
300438564
169300702
406854665
427634286
406573250
489929201
473761371
583976604
539773230
582174076
502206213
483574150
463945196
452253253
508061109
458619826
475472922
431133080
477520065
468571789
467372959
432695059
379190168
420478022
392471143
638728576
462782072
528512242
485017249
517239105
527402908
490864088
374286928
372800117
429942443
506531441
533486738
480684745
507263152
487091860
529643067
544571647
375684304
352163715
433849766
422684682
494146861
530654106
509325536
525260840
523342072
488350811
497677174
515760947
433808675
384057621
505133209
430831701
494524284
487764811
506811269
441490699
481127895
486956731
483899360
263641514
434796464
495544563
498556053
463474368
529368272
480354450
500201229
513274105
516546049
463826606
222404354
444637314
469853656
491161628
442300318
465426761
477266339
481638300
419503673
466964297
336598658
290000264
303129121
422418454
478847951
544207144
531885852
591834688
548529170
568343429
607729555
448589575
454105099
541940425
528251840
515968489
508267905
518393677
593364016
491001988
542821931
486742266
509546374
517449711
469462562
447453122
488389070
457944786
449210147
402489032
434140676
524336380
444798948
455621305
455720525
483870394
428791160
442028343
427118749
404961334
427531842
402571062
355893797
446500748
483612238
398471356
473669266
481924563
476944674
518757924
488149156
564736304
501152716
480179414
437981785
519838504
498786481
548685263
519537625
481341520
453615286
519444326
517609841
434799221
473915116
539809782
472432311
491782700
552661537
471603435
494549945
433800155
566404320
474853749
418822625
426243973
351362667
375068564
325351694
370732131
397516894
332959780
502849595
599029693
436504221
453286896
448853135
495130633
418106299
421547765
428693113
430433744
476683209
484349398
531902828
544995505
548238192
530049175
562357061
577802500
565336962
759929240
440122857
472666471
436702709
435567714
454487621
401978027
391674934
390712895
372215519
171590404
322997190
376437806
495396669
508554616
534494583
500978820
534334302
551144641
570434431
445491919
535769957
858005824
430736227
521274859
522732818
517609417
452084938
495978750
475315312
466035953
413523907
505035885
512422051
458111174
472926101
490006566
477339763
454509134
468226241
365488351
375013268
410763926
440713182
424937087
438178228
439885969
447247960
473203934
411549890
424882205
416227908
337701316
475581738
448815690
493138853
496716775
514451408
516367952
479357265
464224437
466365183
288272307
389703202
329403123
359291141
488313085
470796887
529177708
447339471
516968564
552573987
555472283
442025885
433688292
472374653
479110452
491649148
443823931
446628653
469240692
478600669
493900341
482259873
741775192
729632559
749855435
842587562
880540697
894538268
390552859
911563328
587346502
899181430
941313236
352954264
167025689
291465213
493791474
531917699
528892567
579913496
506627449
580744257
581388742
567480278
558719345
440697257
353572493
532330879
540548322
583749561
545579197
551702430
549799162
582130854
494912118
502678423
778320029
490395635
573714127
514588656
530525970
590186445
619252883
542660274
540540521
467089693
282148546
325315512
250605468
382757944
425886453
418338207
481668697
514483965
498383628
511027870
469217734
555055713
516291866
458709300
611361883
547347138
506828781
520547583
548579980
487071682
451131426
546425413
460661593
423166923
422853130
446599787
437390004
518093846
467274515
559075828
533187599
614921909
507883681
544378035
602326569
563699095
569573485
512352450
490464244
529397730
416584517
521829844
456380445
365159741
425067729
430323050
434254588
463823011
504590930
510336116
529360795
547280716
504027620
405620972
376142883
385067258
427670763
484271839
392132172
439286809
447740806
493768197
488366386
521581188
538166648
598864051
576417702
483599666
548924469
487054959
440979887
479295798
520663722
560537956
503236655
471328326
473317715
432266379
477366846
519615236
544095173
490447702
515837280
412978699
464535787
492324828
529438569
555591437
459088241
491227403
455913188
564464878
542960827
481574049
583703350
527998460
587077242
598423439
566946609
592148660
606369183
515999121
502923561
507064955
466688709
467399357
438968180
486662314
498515943
524082047
620645157
794148123
777803654
768798719
840605085
753548459
996199215
760632401
726975107
767217826
888001746
872609420
1309976049
917652625
732617333
779679404
569426910
487876113
523362289
469727527
538863747
481962297
512610372
556745464
562627084
589204849
572144112
560820383
613183291
442893154
344997109
365463770
442517630
478621868
507518091
457381152
516736598
523978505
481353657
477200466
439174798
371173045
383655733
518616884
548336041
529746808
528463950
489912599
509404534
503871546
348342720
459858972
577498816
514190858
537923980
516859045
523452947
553454573
538930474
564643471
519719838
450667437
429739983
289525318
506055140
566869910
583469000
550809749
614085095
588384701
562983761
513411555
496360586
323542428
944539646
500216998
505494530
454922922
488423011
490411753
423114672
465933276
331086427
424305337
301511278
432101814
492365210
500919110
515274971
552520584
580492565
575088997
567755867
583964065
590561468
451604364
477228833
508004828
538209560
445633612
469232101
491527763
451408907
467387749
395290999
437361938
377120737
408472873
422715404
498564003
459964125
417645284
462732741
443125737
416022402
483680006
388558494
416235586
418812058
489373917
504127675
529173787
516159495
570760625
463833647
531428814
532775600
438363297
520801389
519305601
559622527
516207882
508586889
457006343
905534474
565471105
619731500
656350580
444721800
460490509
497079494
539525319
483519988
437604154
462101241
462929534
688225028
614911873
659791675
573328178
570914830
635935531
548413156
502337527
498483466
862647014
343503921
393022329
396374549
411748297
441859016
416347782
240116703
213578425
140458095
425647467
431414180
451222398
464263996
458840672
447013802
471015282
463245258
497144805
424540645
482491701
509363274
506932471
507753373
544941223
507639295
473877519
515955545
517270372
421973947
126105708
274334989
440562223
459628885
440332355
465032179
469345041
483060635
445002443
431194332
263697873
428914802
389976298
470887758
484353878
458550200
491072209
503922222
493280380
475822960
500561161
660133504
401172240
414178616
399972213
433366147
451390679
473175161
534343787
477523115
502633665
356030668
413529547
478314450
418482582
420445690
445637517
464648652
439107119
461240866
459626478
423904131
376397083
458592212
513207450
492506887
495696406
486156845
506573095
485599251
471209524
410692552
465940875
363677431
408167670
429795555
400227824
437731164
479139886
482517741
409476439
383306590
403758200
298873196
297118878
397913193
424822004
476160734
487717495
457031684
483419202
483830244
508584997
486374146
613791246
503901036
582802286
507437060
518347690
505544068
537617467
541217255
489207415
512028487
430231740
424915383
459654666
499667456
508840052
534357025
561005537
610506923
501474209
557439492
437999340
385888643
391262374
425237586
448756295
427461725
426497745
428473660
415612445
386551333
465678771
385982185
346366183
473422153
476743903
458450409
507278020
511472282
507198209
521461783
500065245
472718807
567437845
360129958
390507446
445610951
529164003
559967245
500504790
464140518
474135020
517079033
474989916
374841728
300448300
350476207
415595210
432669058
445655193
447217784
429422540
611256169
466354793
478348086
487660589
503397685
386443306
417075184
365079279
350638712
410446083
322977768
373324022
388484956
415901594
406746214
436505213
432190299
441080143
392696152
432721534
342627689
454915676
404415635
414325577
462344403
451497167
483221404
481964548
494825081
467706503
445705308
383115018
412806686
432070764
484987301
499908794
473354063
596036443
558398213
592123756
507537941
412264548
452062864
413103669
310436105
395011238
415928881
461941146
480902901
497773699
508894741
465139751
467604409
466257548
403411242
415416750
388876513
456388967
445874081
489973654
484221660
451008027
455615633
457784808
491170893
478175038
471975256
501496409
528565669
454204025
445895075
551881935
487065624
494821061
452647095
388718630
386037788
359667722
497506989
445920291
518944982
482350431
532768975
488889587
423990815
378512490
360786652
389676033
414952671
462966788
459495891
480449195
502226751
430300741
493567927
432443371
465785885
422330420
405761799
436922887
417680244
456697899
442553165
458918873
457426701
459610297
448441239
357759751
361276474
459546525
440430864
429003830
444002684
405732161
447908332
480686718
470486950
363369346
321324626
150817213
162425406
473993932
513729979
520879749
523619283
543949970
482484998
510454074
490609722
493515181
497647614
310849815
318901884
478134100
498770196
509260303
512885969
503002243
530388540
447580843
453974307
362434992
449079722
434214138
500172513
511402316
499265683
556489930
549591960
539141268
529429978
429574590
480831494
309776796
420264958
423942446
446101177
450307912
473479408
423478220
427753983
403603746
402905792
419162688
410073721
415367968
445963112
446676280
447288533
475571686
386695917
438522096
288193984
342292213
447059097
461358633
428213808
464101814
490781067
549134803
538932281
556971122
543315005
487504526
499640106
500444275
1136468750
512700252
509076460
470351580
475936712
476296479
486692348
338168206
322258070
374982053
378512434
437923686
600428196
573915233
559322887
416078342
554674704
418515679
431249370
445954205
493443164
440759310
477364642
496920317
447924980
510873452
487122798
482228839
405842886
401164956
400725497
318317228
461530387
475832009
408644263
486851742
488293441
490721226
418084851
498869701
500389299
222475091
514439783
529009313
508500381
512924936
547525399
546170329
551210570
564799552
481279994
371300042
430623749
460757879
494418725
483952272
481944289
446942309
500845589
451616292
520371550
401800209
214423834
435717949
513970875
512211635
491791761
499955580
503211643
527343950
486757727
445578562
309358439
52328893
512954783
538215471
548663568
549786152
567356504
568626502
575348878
577676554
571895264
589089512
205163115
298199862
370874576
381784616
375975993
394967342
364790737
392727851
411498667
338522260
381597684
410345897
433547185
439280230
451847358
419347484
460967818
439874223
442347349
398973946
337844238
348129301
397985403
402299734
436002630
454089504
466754206
503502018
478917984
471900377
431098123
485000454
439597647
477850107
474863179
500378353
495526492
477065775
498936534
434540703
430532455
403669980
312707952
318916984
400462684
451609239
454676950
479100862
480051987
478170102
496727221
439254315
543416208
400564110
438727033
506764256
434350945
528358680
493383237
489957330
463014710
499040286
404982595
484230775
445680451
388315928
428719606
454977451
469842931
470520498
417468953
400013097
370007944
416942801
410102107
380036510
436830912
433336980
538559355
484013046
476131109
536681089
552235631
494077077
408280239
312927768
322968105
153542186
431686059
448350090
480764659
474581953
476428133
474192738
481724615
484099641
414834746
418083213
52402708
456826828
461606932
504840896
511508081
518537010
521087739
471568079
548516081
479453676
478026108
264071565
266307285
446659697
441621570
445772669
497494692
424428994
463722915
491118032
467949787
295379067
242949457
441186399
490563159
490838887
451151142
483133552
525510240
496021883
484384645
546158246
490829492
403472051
461391202
481712718
527651659
522790467
526426495
501023624
491583374
430949827
530470218
303463930
458997133
503639822
453107829
491412261
442075219
484644695
473084392
492042415
458480687
351955563
348589244
443901517
457175633
521159042
560946168
497682428
484224864
518109523
513342503
463348327
440955409
535640988
507054409
520905578
496637870
564624853
550706697
540372504
533443942
570453455
465758156
441589893
482632992
425692591
399969543
410888436
411011546
438846290
384506085
427016789
538991406
756353245
888542445
680893528
772147354
839886680
832315764
855481237
655973837
1206901800
838184097
617781262
624554851
485897133
859529907
859559780
505510172
1008498708
1082522207
1379367083
1324687048
678905861
167981664
804123001
1044221327
1060528747
965077228
1148265440
900209547
987731466
619905094
676428734
442585748
1071141661
428372956
514854802
999124178
695874725
703803651
619280674
771625918
898938792
685033903
708328733
658532759
759853226
761059017
697488522
874701376
776868783
848876934
735983774
799394973
963421950
544762767
504169691
557768268
573899452
622866142
203281397
222988921
215540621
199351779
266166206
229300810
188508069
203713078
231917231
278520454
267685946
243176534
210463943
108097271
53656037
199920303
208307832
211287438
151709793
48122359
94890799
97412435
58426480
83351059
64301606
57918347
108507910
194755982
104061398
98013938
